0.458078667451095
0
0
0
0
0
0
0
0
0
0
0
0
0
0
0
0
0
0
0
0
0
0
0
0
0
0
0
0
0
0
0
0
0
0
0
0
0
0
0
0
0
0
0
0
0
0
0
0
0
0
0
0
0
0
0
0
0
0
0
0
0
0
0
0
0
0
0
0
0
0
0
0
0
0
0
0
0
0
0
0
0
0
0
0
0
0
0
0
0
0
0
0
0
0
0
0
0
0
0
0
0
0
0
0.00332879581511981
0.00895627449147486
0.00862270053251362
0.00818483324095768
0.00826954303528565
0.00775778427233143
0.00745452198290462
0.00811714633785973
0.00728337994213635
0.0073781248045715
0.00694248898590924
0.00680078195877132
0.00703315492215552
0.00669225475634166
0.00663434558709734
0.00642952067292666
0.00552933797208855
0.00562208366568201
0.00495579173534817
0.00479261989626464
0.00461557502691399
0.00445998762942281
0.0044399156244471
0.0043694685781578
0.0045686399685467
0.00423260604807905
0.0040257964632272
0.00418858934854411
0.00411766917719049
0.0038112756035543
0.00383397521174061
0.00382285608378936
0.00385004866306892
0.00348567726280876
0.00354510488066138
0.00367591074097272
0.00338697218435526
0.00350290334321723
0.00327151886979587
0.00324791210758235
0.00341374988046102
0.00331594981437756
0.00312377976076421
0.00315914593854557
0.00304254083120725
0.0031895920191656
0.00307184334710533
0.0029494554508407
0.00287113239594882
0.00298887621170673
0.00298035070759471
0.00287098159454752
0.00269148338836243
0.00266262850022765
0.00266414016487393
0.00266907515036533
0.00252220532475065
0.00272931927311371
0.00240558783580782
0.0027304932972632
0.00250150489964234
0.00231122774990957
0.00236137610753779
0.00254203148276565
0.00239228332853536
0.00246981249337427
0.00234798189012851
0.00234914748362456
0.0024654248831267
0.00222604504122921
0.00231918660072612
0.00214050026309017
0.00218947842764815
0.00222537406900983
0.00218576885061736
0.00215268591255325
0.0020301568224994
0.00212422133964342
0.00198915337285625
0.00208186294442059
0.00212896479135351
0.00206281891644513
0.00212591562260673
0.0018539779288567
0.00197603400540108
0.00179173447951404
0.00185206311402015
0.00196644699460624
0.00188955116426131
0.00187625185612549
0.00188424637357688
0.00170948760840989
0.00181358300177558
0.00194146139395711
0.00182187735137021
0.00166391622789017
0.00176737730988023
0.00179832301655933
0.00177845339116034
0.00169340877789228
0.00603837144296548
0.00626955686995849
0.00621500237950258
0.00650983379715227
0.00580376034257822
0.00539058471498291
0.00514680126336343
0.00521628095332451
0.00511000015872979
0.00494465899121376
0.00485604511062291
0.00504031865522398
0.00500324574305459
0.00484806308169782
0.00498298098586145
0.00492165406108723
0.00500055339536888
0.00492097790007591
0.00486714269229295
0.00489590681052479
0.0049947149705864
0.00484631184582926
0.00500395492513946
0.00511730961742563
0.00498556405090146
0.00499199714157422
0.00521378945942739
0.00504012105733625
0.00530394162432636
0.0052625934332895
0.00504030968139006
0.00494968273462034
0.00513719911866614
0.00496901023251291
0.00510741210979724
0.00493349867628149
0.00466856414146841
0.00454787519939559
0.00487105666836243
0.00503372557389085
0.00483553993616051
0.00472929530373805
0.00501995635049608
0.00469072431993171
0.00453144698524804
0.00469887608416316
0.00465054883059633
0.00459275239502604
0.00442201686792002
0.00443491892001689
0.00452288528707676
0.00464775082844127
0.00428720899997547
0.00428669531003031
0.004362542905542
0.0042833063414661
0.00444759363221855
0.00431747598632881
0.00442701919931009
0.00440951301004512
0.0041711483013844
0.00422783778096466
0.00417126211890134
0.00396863168068777
0.00416727924563223
0.00409285292444613
0.00395614834887336
0.00375783876504805
0.00381901186892581
0.00387966897317862
0.00360439955780919
0.00379356348068521
0.0034480426145958
0.003674967892032
0.0036787911220916
0.00366788564796016
0.00369350556993245
0.00372889029751285
0.0037961028678914
0.00355382728187679
0.0037027221988182
0.00346972076927369
0.00361142052410697
0.00359364596718454
0.0036769329809558
0.00364600361606113
0.00351750229000024
0.00343911742018125
0.00343349219115291
0.00328375592674497
0.00324248469165054
0.00324552370963741
0.00326259247989193
0.00304840181988721
0.00308195534521537
0.00306779623075205
0.0031108495271395
0.00309463340040234
0.00301936533090442
0.00294774070884854
0.0031662390204817
0.00301115674277922
0.00293551543307994
0.00294450944533776
0.00293835709142981
0.00279583994244761
0.00293392969469297
0.00280581124443619
0.00267886048673744
0.00284332295746372
0.00274197913088683
0.00272300277653894
0.00262536712058959
0.00247576862592714
0.00261688448374591
0.00264753042479947
0.00252034717068591
0.0025532964638932
0.00240372242549532
0.00259987736542908
0.00239325229813985
0.00253243673625588
0.00254775504741495
0.00242292454416583
0.00239640880638377
0.00232196622998001
0.00238099011541443
0.00237683302949937
0.00231733495000281
0.00229632975806176
0.00244152417827497
0.00227732492160898
0.00226679668136685
0.00222234363883606
0.00222024588170693
0.00226649600159214
0.00220422354853192
0.00215763830707444
0.00210512110650266
0.00214652144886966
0.00208491871021678
0.00219583644357969
0.00205871465980795
0.00200753115602142
0.00220044749405643
0.00205456643432488
0.00220185873454058
0.00215395403281455
0.00215804286980227
0.00211938980232872
0.00215579201997031
0.00204809739531436
0.00214755355183635
0.00211244888050108
0.00211094710638497
0.00211643026966992
0.00205203274134388
0.0021177984731518
0.00213526112159216
0.00215152199087149
0.00221226652857111
0.00208431671448193
0.00218442920374938
0.00205669229430302
0.00212941070019461
0.00215237353964252
0.0022032213495976
0.00213445804500264
0.00209613336219465
0.00198230191632978
0.00213535382528488
0.0020737506287474
0.00210162158715986
0.00201764051304393
0.00199297267376367
0.00196833897446185
0.00209720733860034
0.00195479069028952
0.00195696456529198
0.00202247841443969
0.00194652959712302
0.0018823889847162
0.00195959808506515
0.00186455448212805
0.0020200720224601
0.00193166219542529
0.00186078814175005
0.00191599007585531
0.0018655445901823
0.00189165479464109
0.00191890022459176
0.00186299550012211
0.0017574112665591
0.00178009774961502
0.00188474780245127
0.00186534880267768
0.00189917922433727
0.00173981116040579
0.00175214467375395
0.00178256059630236
0.00176678176120369
0.00167906271966416
0.001740184121664
0.00165593679230371
0.00179980459739988
0.00167971158268439
0.00176729622902452
0.00168715570418688
0.00173161344467677
0.00168781699418112
0.00164001765073859
0.00168982693937611
0.00165400935391574
0.00168183522868642
0.00169811297312503
0.00170404700488985
0.00169169405246661
0.00167593007922294
0.00155977200565456
0.00163084733519286
0.00157618885446887
0.00159114486490741
0.00154113090292246
0.00157131750613837
0.00157349489620877
0.00159653071862035
0.00144316232272856
0.00152577959548728
0.00150649333291638
0.00157027572357427
0.00155735293608592
0.00156972831669
0.0014956230616148
0.00151507739035354
0.0014816140544709
0.00156754038516903
0.00158056779450676
0.00149591411191843
0.00143603216032258
0.00148129016286409
0.00133239348661192
0.00148933227102315
0.00146035320461366
0.00142491921826205
0.00141966181280473
0.00134918884360649
0.00131395411309825
0.00135020915427125
0.0014491583948486
0.00134300315851267
0.0014233980699064
0.0013325045342327
0.00130659448485281
0.00139272133976123
0.00136034389873623
0.00137117808436744
0.00139968944660645
0.00131258537553957
0.00140067880404359
0.00135017246366244
0.00130136969660373
0.00131215154349503
0.00135076067270413
0.00140713379799227
0.00133949436512478
0.001331536095423
0.00125558046729629
0.00127192520078195
0.00134429660273931
0.00129442606843403
0.00129638711302744
0.00121085960233067
0.00125782048893295
0.00123173931195364
0.00126928629675538
0.00130986689736425
0.00125577462012272
0.00121969870877899
0.0012483902712478
0.00131753885392246
0.00123831760294823
0.00126044867986213
0.00124834897362342
0.00125041042632101
0.0012463563650815
0.00121251581211679
0.00124810614676037
0.00122829377411997
0.00122754011970681
0.0011814181013615
0.00125402610142458
0.00121500354297918
0.00128040563136086
0.00122394549401809
0.00118653719314904
0.00120595575468576
0.00122729729970553
0.00116337970666539
0.00122847100769117
0.00116420941093745
0.00117225074583445
0.00124158130474341
0.00119108412322695
0.00117713226991487
0.00118627415797972
0.00123386927439709
0.00117484907360312
0.00116961007856371
0.00117821510380632
0.0011561381348603
0.00111153918457169
0.0011941697890849
0.00122511626789933
0.00116963201700531
0.00117346671263914
0.00115574236473701
0.00114558982210781
0.00123216558468853
0.00111688414745886
0.00114874096969428
0.00112348227801728
0.00119189113496117
0.00113376569469341
0.00112851833900645
0.00105323968268848
0.00114898325294343
0.00117803139159203
0.00107212650772575
0.00108758312824788
0.00115113445510115
0.00115141809357296
0.00110024469438705
0.0011508192920293
0.00104969454306938
0.00113882893391791
0.0010425205297031
0.00110565357248713
0.00106303176039278
0.00108796700041097
0.00115315536210952
0.00109136713118415
0.00105617810964769
0.00107652251953446
0.00108299610630151
0.00105710470382989
0.00107457287772876
0.00112397810268168
0.00104376578495826
0.00107753244002945
0.00113871953147528
0.00104425626338106
0.00111466996855174
0.00101083586719214
0.00108826118482232
0.0010524951274399
0.00107569121445984
0.00105344990737049
0.00107429257043198
0.00106338516981469
0.00114404600168134
0.00102918280604809
0.00107317945645955
0.0010366866463132
0.000991518214365266
0.00105806345257783
0.00108575902420355
0.0010569210736892
0.00105146389963776
0.00100737734513654
0.00104862876815842
0.00100618318349685
0.00105251019946757
0.0010200164501151
0.00105043878691716
0.00104875976389058
0.000997397862361131
0.0010104836450154
0.00102263359239195
0.00105868736546508
0.00101940900407183
0.00104191576441457
0.000939732308334872
0.00105625914057856
0.000977989434302751
0.000998612934907941
0.00139002681232068
0.00153138905201709
0.00155192778394023
0.00154970825868238
0.00152603073073052
0.00152433435372255
0.00146705794260738
0.00148390570288003
0.00152328877172957
0.0016401412065203
0.00160238199485133
0.0015219147389284
0.00151580492569533
0.00154145039717416
0.00152557089144615
0.00151692966402175
0.00162904245719058
0.00148100542503571
0.00150920474538631
0.00152552164845203
0.0015111406743241
0.00148315344244241
0.00148525261010866
0.00152160763885664
0.00153224388715373
0.0015596671521193
0.00152903729464385
0.00151566992989887
0.00148401824750791
0.00153100759381033
0.00152621230689038
0.00145564712715422
0.00145686558118678
0.00151182068103265
0.00146457552918596
0.00146854745932832
0.00145179545807236
0.00153664047501647
0.00152291430365237
0.00151557895948429
0.00144170188686066
0.00158728591151428
0.00146363077921754
0.00145379153041082
0.0015485422863579
0.00151850345748667
0.00153435304763691
0.00146669731146414
0.00145581100458978
0.00157847831332518
0.00151701816953644
0.0014663699638909
0.0014432200207263
0.00143699247104316
0.00149747924286861
0.00147222227194107
0.00138580926355742
0.00145937233128648
0.00144759999831629
0.0014005377693602
0.00146120748239402
0.00144290302810853
0.00149454214372691
0.0014292954704903
0.00141548492924417
0.00143908777284966
0.00142721574729491
0.00145691780555883
0.00137581965494064
0.00147002000499794
0.00138157733069593
0.00139688935225778
0.00146200224218036
0.00143777528360217
0.00143894034961974
0.00146350267985216
0.00137093636110115
0.00144779158846078
0.00145245639568762
0.00136613652154113
0.00142604671178077
0.00145147122992731
0.00144546813475951
0.00141393395325319
0.00140865986817979
0.00144152534882337
0.0014466817370457
0.0014249339162086
0.00141823521934968
0.00149568468867122
0.00150501490983434
0.00140912275123347
0.00138524759607889
0.00151552355257596
0.00151260760203525
0.00148995968629199
0.0015185339292583
0.00148859225333448
0.00153797754055376
0.00148872883076547
0.00151461814600501
0.00154372971428083
0.00151514843353324
0.00161242639450024
0.00149702808137222
0.00152675289763692
0.00158126211735937
0.00156516117094362
0.00156495349397306
0.00155526961527171
0.00149127865558756
0.00154312787615537
0.00159348375785343
0.00148744052369233
0.00157195543011075
0.00151738203907797
0.00145314491548319
0.00159328384094995
0.00151267204238939
0.0015834146883092
0.00153364833048632
0.00153302690651346
0.0014850927616932
0.00157627120615323
0.00161109998170283
0.00153935346344107
0.00146802627110394
0.00149445160736113
0.0015252917022101
0.00146428244601869
0.00156099890918093
0.00154272403052913
0.00149634677706274
0.00151685392945021
0.00157135228606534
0.00151360018295867
0.00145586435532846
0.00151524075414174
0.00148145963394475
0.00145474026038079
0.0015323055471091
0.00154768820512513
0.00152323690815555
0.00152981312034199
0.00150920762450508
0.00149923517996385
0.00150805161860623
0.00146951702851607
0.00143102435798426
0.00143727578595863
0.00144303229120885
0.00148530419260214
0.00154260970989529
0.00145196038485732
0.00143415991889731
0.00142909824323214
0.00142694323838505
0.00144906118836106
0.00139090177492309
0.00143396638185023
0.00141405915544081
0.00145056767191402
0.00138646919987816
0.00138315583664354
0.00137044147867695
0.00146499513415658
0.00141125444054115
0.00142684874652799
0.00138671007190781
0.00141508637836832
0.00141138841590046
0.00142879506638556
0.00146129398069374
0.00142040999811135
0.00147572333456824
0.0014141163956472
0.00137289620265679
0.00132618391752121
0.00135737525794603
0.00133835202299314
0.0013688204156418
0.00138424083726397
0.00136464443903145
0.00147666749933978
0.00135174081811722
0.00138901521359988
0.00133200569776742
0.00136658320446383
0.00132510085702942
0.00132927457989399
0.00130803193489617
0.00132575406984277
0.00138841157040504
0.00137648865218894
0.00130289669709308
0.00130609573349765
0.00136105106878073
0.00132977839900454
0.00139940878637093
0.00132213302325329
0.0013353183947265
0.00134744054571862
0.00125006185685829
0.00127921160639286
0.00132113419414988
0.00131552082165298
0.00129697958612922
0.00128606561220736
0.00128111905714789
0.00134326325745566
0.00128638110834977
0.00133583239047483
0.00125569412349826
0.001322600242686
0.00121452397178375
0.00124601750105212
0.00125678715773366
0.00123993394692925
0.00130639838781034
0.00125047849110581
0.00125958959001638
0.00128997862049292
0.00125818548050971
0.00127963434848324
0.00126097196393865
0.0012107741014867
0.00127848672082898
0.00123034024645396
0.00124262585641107
0.00120400903620029
0.00126246104495337
0.001186189846872
0.00122971368171738
0.00123993722208397
0.00123326706444775
0.00125063473491169
0.00122929034872119
0.00119829441105367
0.00122036437367021
0.00117918034320373
0.00124109867796144
0.00116755533694321
0.00121097692450823
0.00120393296893235
0.00124303255514991
0.00116638648949114
0.00118396135258654
0.00120281902540087
0.001169453604902
0.00115208472214129
0.00121014364695454
0.00120070902029038
0.00126690259998051
0.00116956576228994
0.001133267060745
0.00120754169069644
0.00117194258475344
0.00120038329842472
0.00117772757437657
0.00115643719036461
0.00114266028835348
0.00122863742943663
0.00118834295785993
0.00117410432002937
0.00114357292147887
0.00118984696270812
0.00112652555313879
0.00114057573704036
0.00109369444886152
0.00113064072160809
0.00116904628076659
0.00115986362962075
0.00110358775110593
0.00111954268410186
0.00110228171139387
0.00116002306613387
0.0011109504491084
0.00109167852714747
0.00108779238540768
0.00115253482501971
0.00113134683370964
0.00118723412397436
0.00110143245912516
0.00110590412553878
0.00107727882846108
0.0010708116149419
0.0011263658187308
0.00106059471701352
0.00110619168048286
0.00114769862208556
0.00109450703782689
0.00111071631028744
0.00112628440765096
0.00110965025414761
0.00109732672026622
0.00109648814637345
0.00106753207084683
0.00108513833877346
0.00106534547024734
0.00110319614958189
0.0010883285092423
0.00103649776034464
0.00108799114005593
0.00101273048685978
0.00106379657339485
0.00102310454187519
0.00109917022736845
0.00104842495367319
0.00106118391254498
0.001030637898345
0.00102525629440854
0.00105421878053923
0.0009683840080732
0.00104521056579693
0.00105918125027396
0.00108552648381569
0.00101361077440365
0.000988387936076442
0.00105743154279446
0.00108734383660981
0.000986427785935145
0.00105159402291855
0.0010378023076669
0.00100603951462928
0.0010109325997541
0.000995384363970465
0.00105808032752766
0.00106782914482055
0.000933697045004915
0.0010180508099764
0.000988347938315141
0.000966799839254452
0.000979908197801798
0.000989830213614649
0.00100262469040786
0.000999090813530602
0.00103235532181066
0.000966340623415892
0.00101162272989584
0.00099167136458967
0.000984052912018386
0.000935927272749853
0.000977270803668656
0.000964823051779882
0.000965031499741516
0.000965500030956088
0.000965007328751787
0.000987959404750087
0.000966231744394364
0.000968002229911035
0.000973280814128995
0.000910652292562813
0.000961139376947842
0.000917779800981092
0.000941444385361054
0.000907354094828764
0.000967878289797366
0.000935682269680929
0.000925171755497001
0.000935442916774231
0.000930753836012265
0.000952395330718801
0.000956675998395136
0.000946197368454984
0.000903224005978862
0.000916801613682073
0.000870548892134149
0.000916632912985175
0.00092686625649352
0.00089583113649968
0.000937924790640038
0.000905577018255058
0.000928748001752866
0.000885975372120788
0.00090451627188213
0.000924792841663433
0.000882848612074597
0.000884358162766943
0.000899256793597127
0.000873831084722865
0.000878997257759564
0.000888025937049541
0.000879591083628505
0.000876402238539797
0.000858688915175675
0.000879857822552914
0.000897916268217558
0.000868979397425917
0.000881913227402176
0.000842356126525442
0.000873473478133917
0.000835346550636448
0.000845081752304326
0.000828012692164468
0.000862858127696739
0.000887793763852547
0.000865666035277901
0.000880649521292853
0.000911820453806345
0.000839103053992016
0.000862039602643086
0.000857226413905421
0.000830550174622102
0.000858490431947638
0.000817444619581077
0.000850512116834473
0.000851566113052121
0.000843220104982306
0.000847356996104097
0.000803695937849323
0.000812173585493902
0.00084300218678378
0.000841506284144811
0.000767645225788735
0.00079463687926536
0.00078272100388861
0.000772452345173977
0.00079320690558545
0.000805862665579487
0.000812255151200038
0.000829229111922308
0.000794857284789778
0.000796988363752159
0.000786740413624694
0.000804487734559963
0.000779881773561726
0.000813516534796959
0.000797274927637777
0.000807224690077877
0.00078640181312371
0.000791815645309249
0.000811132873819606
0.000823722605384694
0.00078420623113655
0.000767203011623804
0.000789619803173801
0.000781449441559142
0.000744223081967117
0.000770888076208801
0.000750639748650664
0.000787258867161401
0.000769078437894096
0.000767984664722289
0.00078510468339008
0.000736318537298066
0.000792681988605378
0.000763290842345115
0.000776970831976985
0.000736663087900092
0.0007278061441884
0.000799010946671248
0.00073086372816291
0.000754288704285636
0.000748591984538918
0.000711570218211639
0.000770462906095999
0.00074933456634528
0.000743973288757685
0.000700158337729444
0.000764964105931855
0.00075066187541865
0.000771101246999547
0.000728910772662583
0.000734072292301367
0.000738215591754898
0.000707847893777608
0.000716873037399175
0.000748839979678597
0.000733857371798123
0.000712273066456343
0.000714291026840696
0.000694987719322983
0.000741363729239722
0.000710298638771169
0.000733834291570535
0.000699487575457014
0.000705385378834732
0.000675735442755135
0.000746929565895801
0.000705273089601445
0.00072946457469434
0.000740508971778517
0.000691086314881036
0.000678327595397966
0.000703525573282447
0.000722707259787904
0.000707625793821774
0.00070234746921744
0.000683274391937491
0.000663987747114961
0.000702612214336492
0.000728177027693196
0.000652587305196923
0.00066296042427766
0.000697972756741969
0.000660719983692524
0.0006759728955045
0.000700224166681652
0.000686742969094847
0.000682726303443018
0.000680917278818247
0.000657184571461237
0.000645546771987319
0.000669724250685393
0.000670919153133421
0.000689275408393291
0.000641844347945282
0.000701661795724949
0.000693922581403562
0.000676945986236163
0.000667255122606566
0.000678576434772712
0.000669476398433634
0.000655746129228716
0.000688187015569605
0.000655501246894946
0.00067121316309863
0.000660782363274871
0.000631153414662394
0.00066219261559807
0.000675034537856936
0.000696558487856487
0.000638203280219652
0.000659837082878934
0.000670516608339541
0.000643122149264306
0.000673717396033259
0.000647878845629715
0.000648327792444801
0.000630595127045486
0.000640689964138852
0.000642836994938475
0.000670764822547423
0.000646713041724419
0.000641462539733797
0.000659891398137565
0.000637539233007341
0.000642317778571776
0.000633686516046172
0.000643795442480263
0.000643047324148819
0.000627243757070527
0.000651728849534872
0.00061607784257194
0.000612844962240398
0.000634415319201072
0.000631240506830916
0.000658819856587365
0.000635356423635706
0.000611534792730217
0.00061438290604762
0.00065321057480123
0.000615933164419323
0.000630272181752935
0.000593352017724999
0.000578477424898878
0.000628749969151246
0.00061572481244828
0.000593920616372151
0.000609310201275862
0.000591493618548799
0.000617539048955256
0.000611981652458027
0.000594944670559658
0.000622785177357275
0.000639488527402632
0.000593896580214224
0.000607600995094458
0.000604351935598208
0.000586483843201498
0.000599850114168033
0.000618677689029195
0.000605121704081158
0.000612622285388987
0.000594491622768622
0.000576352175512916
0.000617997361870158
0.000613208046058891
0.000571470751124448
0.000576554820749715
0.000594860616705461
0.000614226457575952
0.000577575912619977
0.000567907172523955
0.000578312140223548
0.000565499646935595
0.000588236526394156
0.000585553159680266
0.000579089911136099
0.000573443377603165
0.00058089711571681
0.000605214758482467
0.000573626017196895
0.000570674994997002
0.000574384113505
0.000565339425332478
0.000583425754152654
0.000588130975315493
0.000568856509881649
0.000578329426097743
0.000574312106934201
0.000538412787332766
0.000593623529401872
0.000545423183834982
0.000574664617936442
0.000566523496542296
0.000571380550262588
0.000569225815232808
0.000566286855074927
0.000543362102179752
0.000561718702814029
0.00055574049379737
0.000564105045164462
0.000577607631945583
0.000560118082470238
0.000553549540057768
0.000552779388446711
0.000538007817436166
0.000551413160334075
0.00054199864418474
0.000544770600202855
0.000555004625891769
0.000552970618357419
0.000550871107072415
0.000550325562800109
0.000549649733381357
0.000538760698252821
0.000526727229628044
0.000549405578432876
0.000553150895310507
0.000551678341994286
0.00054464666347628
0.000524770450114405
0.000545302886120437
0.000546481072821103
0.000571040666428978
0.000540415310294544
0.000541276625060174
0.000510087117955186
0.000527896840175896
0.000564591503600888
0.000552462866320974
0.000555939278965509
0.000542324684617913
0.000544115735189085
0.000520103687074362
0.000522052983825439
0.000521075273946587
0.00054019410187313
0.000554263327308666
0.000517587804345303
0.000527526490100836
0.000519257789733593
0.000550865746207484
0.000551038598932541
0.000540114379004974
0.0005487951220455
0.000519281700456573
0.000504350656336715
0.000527571610232198
0.000531982224698111
0.000521016566778051
0.000518827158257939
0.000521775331955405
0.000523818313797277
0.000544630225051055
0.000512671742055122
0.00053827380100254
0.000524383436516734
0.000512095519366824
0.000512155556386114
0.0005105396685751
0.000520811499693356
0.000495010320333417
0.000529147941639687
0.000497441986008761
0.000507831808669787
0.000500273186012454
0.000491873937853118
0.000496568842270305
0.000514372067694813
0.000497426458440256
0.00049331891386771
0.000535565818093642
0.000512419915650293
0.000510806207878744
0.000521652567192724
0.000499459367357596
0.000530289635239247
0.000493931974777664
0.000470073477791281
0.000491020800639863
0.000500770515291568
0.000494353619310708
0.000495969662732074
0.00048953824312725
0.000496064703375611
0.000506169048421329
0.000496374378938506
0.00049124360251602
0.000491204333166895
0.000472955077405283
0.00049853782319485
0.000501329722015146
0.00050608953076148
0.000473703840504302
0.000500633737870827
0.000474015656017097
0.000481684247348706
0.000484494077610056
0.00050877585610041
0.000488419651864449
0.000466469303610181
0.000478886257964903
0.000454086859203191
0.000493812087543622
0.000499857814578522
0.000499830091683433
0.000491947302992512
0.000467259610100576
0.00047637507665561
0.00047139711077355
0.000456237175899578
0.000468715726695779
0.000460780994803199
0.000480570075250686
0.000461276699685
0.000480226915037984
0.000481163766354816
0.000483435289930588
0.000443549565837993
0.000481627642854635
0.000463122723815954
0.000467249704339482
0.00047061775369677
0.000468870754396806
0.000453545272920863
0.000455831062911147
0.000460612394195206
0.000468559049060099
0.000478739931031413
0.000471233486506091
0.000452512478462459
0.000468604094240125
0.000472960503852506
0.000443179337294678
0.000454311247369511
0.00046005872110773
0.00046349019360648
0.00045963641926386
0.000449081134112427
0.000439442219358602
0.000443584964759313
0.00044599236666634
0.000467755594521985
0.000458110726394043
0.000460416916212401
0.000447358285715449
0.000461855533241836
0.000455917347627565
0.00044580075007716
0.000440517182047987
0.000453101254892769
0.000437079589616384
0.000461386930813214
0.000435757624126937
0.000448453796177147
0.000449305583324278
0.000443694430623619
0.000432752964144199
0.000441585045920066
0.000438722871408556
0.00043548684073779
0.000422762438804892
0.0004759140334445
0.000461094250042617
0.000443539744026193
0.000452129857119292
0.000431100236872757
0.000425025511147745
0.000458319921717958
0.000444263531583607
0.000444087871836185
0.000434898481589474
0.000407278290942614
0.000414928513840617
0.000440842749311172
0.000438514987305119
0.000427380749738599
0.000428865614080222
0.00044273605221754
0.000432206278894239
0.000444424994479131
0.000421753888202383
0.000439481900928638
0.0004317434469426
0.000444906122881796
0.00044598668423278
0.000421645504315246
0.00041868132623739
0.000422313644987021
0.000433541230502883
0.000430345402502451
0.000445057884432075
0.000426133111076922
0.000419300978907193
0.00044193338534731
0.000448381118230164
0.000430417122335409
0.000420962703973861
0.000422959392857681
0.000431288461146331
0.000413507205804734
0.000445946915145611
0.000418893970870162
0.000416101792812773
0.000411055507952421
0.000410418589732425
0.000403077083514194
0.000427574124873555
0.000423246955157981
0.000404540469542342
0.000426230484632288
0.00041958954652067
0.000422427614978006
0.000415970720768948
0.000420088353814613
0.000413797590061544
0.000440948241532078
0.000398973654125982
0.000429956144898915
0.000420387085339073
0.000410255139643912
0.000409020699259624
0.000425025835167001
0.000407950843962083
0.000399221908774187
0.000399035855526178
0.000405312216098075
0.000424243266253958
0.00039766140059023
0.000403549336930982
0.000405869180783394
0.000412550817875492
0.000405973928536549
0.000395816025206433
0.000425071200706537
0.000399316542197604
0.000396346456999495
0.000406891569080615
0.000414034230039559
0.000386232231335554
0.00041965017898812
0.000393830350726709
0.00039138261939895
0.000394255936919913
0.000404823227627478
0.000401030929173598
0.000405457453996342
0.000397973238979897
0.000396062711075616
0.000409490606203057
0.000403806772510533
0.000390508774741122
0.000394221721847021
0.000404002912022345
0.000386592383465331
0.000395134523701145
0.000375237907601772
0.00039522811590709
0.000383312613579201
0.000404629543478959
0.000403714649851577
0.000399947576487109
0.000406983855370375
0.000401130316184505
0.00037963535647913
0.000398197421571572
0.000380370273195219
0.000388320703251483
0.000371659113625006
0.000387692608765583
0.000382874660580891
0.000370341896007736
0.000402848908769953
0.000394384024815655
0.000386944149365506
0.00039429739813985
0.000376280290673557
0.000394063835486213
0.000399086098153998
0.000380204901306259
0.000387354226815755
0.000369952561203497
0.00037871189433514
0.000395103364191428
0.000389431454880459
0.00038344237677726
0.000398189652680833
0.000386814073371433
0.000361600754265123
0.000388358539037221
0.000400023302770611
0.00036425804703106
0.000387065311254986
0.000374705138686676
0.000382721662738535
0.000377468652649634
0.000385015745646683
0.000383042097213138
0.000374624702394201
0.000365630618570813
0.000395275096140578
0.000366202128010161
0.00036915915310419
0.000354244958773061
0.000370071799438594
0.000352513035587118
0.000364526435979874
0.000370077445116344
0.00035957170307722
0.000376603855131242
0.000373255871737558
0.000373723882205858
0.000350909702288819
0.000358071207939033
0.000346120992104196
0.000355389095069754
0.000346921214104755
0.000373187968378717
0.000360698779173577
0.000364724626567486
0.000353061298233526
0.000335741892327617
0.000367151642087302
0.000362388798965722
0.000351711714357273
0.000337431201780702
0.000348409018233213
0.000342865564332842
0.00035259170770885
0.000354427751510484
0.000354154496601154
0.000343298841187118
0.000368154623591658
0.000355765648445218
0.000371791340991341
0.000348656781921892
0.000344926205179317
0.000353226814765104
0.000367797304691066
0.000343411896688186
0.000354721244349998
0.000334743003420177
0.000338940999144578
0.000330044591992781
0.000345718118863229
0.000339434625009181
0.000350930101718743
0.000345658455323414
0.000343198359706599
0.000342572554909596
0.000357885711617084
0.000360611208102347
0.000356959739375452
0.00033378874251561
0.000306738851153243
0.000344467669575947
0.000341585642123624
0.000330414570398682
0.000329280499520082
0.000335127375576426
0.000341936733883716
0.000330695150233986
0.000341545580292579
0.00034178402469516
0.000353997209986264
0.000333634131015806
0.000336564299061998
0.000321641670491665
0.000325704351726558
0.000346237073440846
0.000327186899922848
0.000350027527137141
0.000338120100117957
0.000330189896644933
0.000327110587109423
0.000328534458094223
0.000325978110509453
0.000347897867330897
0.000321925945172013
0.000329469957923769
0.000337557694541057
0.000321326744386122
0.000310625334900389
0.000334288257222609
0.000315136787826095
0.000325517117446037
0.000346512759914641
0.000315230493496011
0.00030807776754097
0.000327316787804819
0.00030706554937615
0.000325111881357907
0.000311969072893244
0.000317707549770015
0.000326978325323995
0.000321003049984147
0.000320652276269256
0.000326603217255086
0.000326265564826424
0.000340758427915148
0.00032495160824446
0.000313367064989324
0.000324086613973873
0.000320474177018354
0.000334732013197275
0.000318459672769656
0.000316604267408273
0.000321596374465357
0.000314231120220513
0.000309756901371991
0.000325481643147505
0.000318141972306493
0.000323710675755842
0.00032262106679134
0.000301651607583
0.000320603391224187
0.000315147637419951
0.000300045480679367
0.000317744809062965
0.000319953082977078
0.000326242541422108
0.000316143082397692
0.000323857441083602
0.000302982726317417
0.000302809873373365
0.000309233166961466
0.000299410894172246
0.000317591305831369
0.000297622721410201
0.000316917016949651
0.000325658211853248
0.000307846946818241
0.000318016981512562
0.00030815163823534
0.000313176996656523
0.000309476042137858
0.000311319913142296
0.000296905097951607
0.000311443907714112
0.00030007408226637
0.000303350132660416
0.000293867577584916
0.000314672209297979
0.000294528426175986
0.00029533545510991
0.000303777558655298
0.000322424585735229
0.000305834669852
0.000301142398396228
0.000282899157209196
0.000298511807539253
0.000302344366799631
0.000294654458439437
0.000308682029852968
0.000302303304707583
0.000287057068786553
0.000294809819691052
0.000295529630914563
0.000311328970499761
0.000309851845696631
0.000308483037386732
0.000301416136085901
0.000296094479729617
0.000297725621256061
0.000290432224063943
0.000292054277202018
0.000301506847281765
0.000314778228951618
0.000296331074093784
0.000279200924507536
0.000293539526454096
0.000297542433962083
0.000292253215851395
0.000310692067659398
0.00028853509692805
0.000290382577837534
0.000290368070997348
0.000297677923327297
0.000294399860615101
0.00030020045616528
0.000270160185463878
0.000295314271486564
0.000267358256065432
0.000284105227314997
0.000289813376304224
0.000288640848525208
0.000284835558106477
0.00028379166586746
0.000281744781476586
0.000269880540932946
0.000292126597932188
0.000280103128758994
0.000292038239165572
0.000290024513808852
0.00028022536769091
0.000298110455249075
0.000276750062417359
0.000282387511558557
0.000280147023968607
0.000287497934845649
0.000297668396619413
0.000279279780831841
0.000270923208708406
0.000279226911604172
0.000275914108278776
0.000287231271529009
0.000275171509936885
0.00027796469595071
0.000285103095645946
0.000276153939307866
0.000275320280149469
0.000287687690449462
0.000284909458579729
0.000284789178329588
0.000276269391170961
0.000284890105041597
0.000279879975290656
0.000268787335130389
0.000267180206261242
0.000263927321173145
0.000283975483604296
0.000282464679908248
0.000266247033382396
0.000280183377565212
0.000271010784616394
0.000266034531007634
0.000267225962033305
0.000258382551416037
0.000259650110032686
0.000262909916561713
0.000265791209207241
0.000282818224197265
0.000270362078235535
0.000256011891654387
0.000261207230276731
0.000267684491896663
0.000255303644238391
0.000252160680068374
0.000269182798136216
0.000265866981013564
0.000274649800476198
0.000261302071791758
0.000273481546918095
0.000264558713777142
0.000260530905278561
0.000272575666536779
0.000253879648034282
0.000262105637046413
0.000253535339890632
0.00024739935469317
0.000257695652515179
0.000262414367082667
0.00025121872002071
0.000253671979148883
0.000277078202261649
0.000252070603369614
0.0002612206092533
0.000268692801195662
0.000258810275056152
0.00025514790925052
0.0002587429039942
0.000270566518548939
0.000259753324086894
0.000260024996913736
0.000249113848971378
0.000262303929154748
0.000260162423196146
0.000248425314755887
0.000254024100293972
0.00024955596618279
0.00026765040024671
0.000274494135924109
0.000258607952892189
0.00025037032431488
0.000250052412330925
0.00025575374650466
0.000251066961327925
0.000247514360830633
0.000251430628550515
0.000243312163345706
0.000246043142561031
0.000250230730411363
0.000246099764732312
0.000251174703111556
0.000236964411740735
0.000246359949029149
0.00024686000901331
0.000251294188109218
0.000260615192234015
0.000242499193314164
0.000246526625421718
0.000254415282950397
0.000240402660920361
0.000251519090265811
0.00025018913481387
0.000251408050923966
0.000253191781537295
0.000254640244073686
0.000236434994183333
0.000241347500239222
0.000247566178715989
0.000253862560393363
0.000263098061718322
0.000247015823663914
0.000238577750958861
0.000227030504385052
0.000250235360655506
0.00023829645178234
0.000236282052706009
0.000240454442405047
0.000236428614791083
0.000231509882309645
0.000244129741563093
0.000228489314962723
0.000242150152266218
0.000230583069933727
0.000241739245336845
0.000243576014208925
0.000230793532885135
0.000232162173003337
0.000228184715253993
0.000229935925603049
0.00023733395639665
0.000236292129251291
0.000233408171413195
0.000238076337774818
0.000238278128903584
0.000237713549834614
0.000222770626623392
0.000230990993976349
0.000232413666137698
0.000226758735514833
0.000225854809425502
0.000234809668036346
0.000225618218602026
0.000255143301890028
0.000210714555203185
0.000233112757177893
0.000223853828372042
0.00024005035628539
0.000221140115289329
0.000220935128332991
0.00023699747809235
0.00023577903199418
0.000221937273684864
0.000221900139675979
0.000228449281302305
0.00023318445421625
0.000229198557415124
0.000229004835391174
0.000227271803758188
0.000217113339499847
0.000223109497549453
0.000232090431858972
0.000215236739177551
0.000222555343751585
0.000220763846058308
0.00021565639582683
0.000221637768487545
0.000211884435847242
0.00023045254790473
0.000222684504629023
0.000217858384783035
0.000212324357283547
0.000213904111776181
0.00022193796562092
0.000232214979023967
0.000219502789125582
0.00021650245433245
0.000212424502773453
0.000214950979786266
0.000223795271944219
0.000212405842699421
0.000218606921252856
0.000210184310471052
0.000217975886508789
0.000226510066036987
0.000210150022246505
0.000218398981925493
0.000216263798024424
0.000218606911030137
0.000219958360606904
0.000219854564631603
0.000214467287040997
0.000214485716528195
0.000215084831670155
0.000208124035458487
0.000214879771537154
0.000209477120464732
0.000206185080574578
0.000210206537222381
0.000209850759711162
0.00021158675200847
0.000202670437888801
0.000207940524380895
0.000211581556513866
0.000201460195116789
0.000210184650195157
0.000211103502585393
0.000212553389872221
0.000202342510309079
0.00020420010964148
0.000210666507849603
0.000206722151282484
0.000218955013459354
0.000212233600685028
0.000206670198008882
0.000209353652029083
0.000209273958122421
0.000212234763569336
0.000206633457479804
0.000205790799807266
0.000215927761597041
0.000210051091447255
0.000205881970511762
0.000204301468534212
0.000198408992437348
0.000195822474712574
0.00020149784539705
0.000192542589064771
0.000206709136554402
0.000201560613989153
0.00020898585438525
0.000210240873886048
0.000204105317197073
0.000203301153942255
0.000199644434805158
0.000196356702726304
0.000186019016794061
0.000196845785480216
0.000195803561802835
0.000188137659556087
0.000206856883921694
0.000201324010959697
0.000200097639781728
0.00019697467247104
0.000193533444286127
0.000194295042137687
0.000196259185337788
0.000195354045872967
0.000193470215281032
0.000202105414023786
0.000201103963874837
0.000194116632837526
0.00018652255356951
0.000194841365830315
0.000191716448870175
0.00018514262496107
0.000191022524990679
0.000199310014753505
0.000173836694266183
0.000174898961022135
0.000176722949871054
0.000163373417605658
0.000174047228901722
0.000160346238050989
0.00017100898775519
0.000157158851888371
0.000169098337506098
0.000170526276868956
0.000174997939303615
0.000161341683388686
0.000167499510810704
0.00015591558131662
0.000168835775342539
0.000158642522920668
0.000164150805178584
0.000172746181302532
0.000172097573979829
0.000163522384555424
0.000157649293606628
0.000167462205906151
0.000154317723721517
0.0001583405754372
0.000156372302862681
0.000164254333356041
0.000165229980915785
0.000173181747973948
0.000155511416451946
0.000158991259848991
0.000146281118393393
0.000156805387199894
0.000159310017915175
0.000150526167223951
0.000157298215818578
0.000156810439403207
0.000159310439607401
0.000153115127980689
0.00015844329987975
0.000161020200560048
0.000160679520680809
0.000150056371507531
0.000153849505962973
0.000158331535732565
0.000154020588957432
0.000157856785533112
0.000151538669039984
0.00015469130041971
0.000152583390316493
0.000142983374212127
0.000147257484483929
0.000151718864083222
0.000151679011183007
0.000157889142297105
0.000160699264215465
0.000157050957232028
0.000138750118691066
0.000148065317626413
0.000149244683399855
0.00015479994837705
0.000143510687480874
0.000146486896707492
0.000144206232027078
0.000146986746254608
0.00013771334205206
0.000146091754501955
0.000140738985352885
0.000144842055970203
0.000145664509470018
0.000147026657105355
0.000141889626552142
0.000147691981659656
0.000140341151166411
0.000141191178557907
0.000146906939732239
0.000153734441784141
0.000141219156149632
0.000140941455870814
0.000145823995508021
0.00013851212382403
0.000142283520111067
0.00014713065644966
0.000132880840893013
0.000144212038358487
0.000152192618809457
0.000135747732034295
0.000147545009758361
0.000142372264859582
0.000144573012165675
0.000131614719966153
0.000130319010082967
0.000133771724715735
0.000142052915566389
0.000135986106986334
0.000136732374267486
0.000136475821867953
0.000133578641134063
0.000137081156290783
0.000142112449599896
0.000136328193122578
0.000142689075749547
0.000135454363846754
0.000134399956912154
0.000138624898745758
0.000128196950992662
0.000135752628505421
0.000130436929343416
0.000137482762198152
0.000135975583480792
0.000132089882153386
0.000126029727679736
0.00013681033802247
0.000137851235432819
0.000131896219316529
0.00012660323418325
0.000143443185574292
0.00013107360884183
0.000125802543314009
0.000130696347575895
0.000133064197437578
0.00013529205787946
0.000126279225788228
0.000130403804269139
0.000126803835692346
0.0001324101451184
0.000131744539391291
0.000134080795831767
0.000120079568207522
0.000126919636588219
0.000123891705659706
0.00012387035220594
0.000123470732469448
0.00013152984889937
0.000121950148512644
0.000136276561607886
0.000130277038368212
0.00012708216595976
0.000125152860936623
0.000123796247929879
0.000130602498317389
0.000118042890763199
0.000121725458647995
0.000126396249398988
0.00012498922486488
0.000127517783020746
0.000122051825672583
0.000112382250978545
0.000122499850360051
0.000130206058318049
0.000125970485107258
0.000115478448915752
0.000117471235598569
0.000115834734076222
0.000118378842825083
0.000122073986543193
0.000125370893952713
0.000125748555111657
0.000114038998372
0.000122172964012308
0.00012309970395533
0.000119580213803823
0.000122655764830086
0.000117363767630046
0.000127533846005481
0.000120295697889377
0.000120747229864196
0.000127473460064392
0.000116425211652187
0.000110707021228674
0.000113363052561419
0.000117680805394325
0.000111121780409678
0.000121919144684334
0.000111772283332851
0.000115237193619512
0.000117514342321134
0.000110436219626816
0.000115033421698236
0.000117302809477944
0.000113844803838515
0.00011419806245688
0.000123519062545282
0.00012187640644244
0.000113778210400428
0.000115832835282849
0.000114540477196337
0.00011075602362906
0.000108560862142383
0.000107530491267344
0.000105583516805761
0.000114895606451369
0.000110635009213339
0.000113329450473286
0.000114716957511312
0.00010481681837365
0.000110344671453017
0.00011032719080617
0.000106028435008483
0.000113174065562289
0.000113737773118379
0.000111541757941083
0.000113060886089678
0.000108713354336935
0.000112284682301418
0.000108655408040352
0.000108952523566973
0.000106529323991632
0.000107629362475917
0.000115547353796489
0.000115972195782079
0.000109139334911201
0.000104446399553191
0.000106931054786387
0.000106641016169631
0.000108491241579029
0.000107899249037995
0.00011014200096871
0.000102157664664557
0.000106111502204555
0.000104708533686313
0.000110838939096259
0.000108066973749031
0.000104858702746284
0.000109524047063613
9.98185292633425E-05
0.000105448350896473
9.88781127991255E-05
0.000103892704682087
9.8633903088032E-05
0.000105881534920371
9.84237394882095E-05
9.6773157171815E-05
0.000100843651294166
0.000102189749505422
9.67820616559468E-05
0.000102766998915606
9.86063029081774E-05
9.88198413209685E-05
9.75073151918463E-05
9.92625907696378E-05
0.000102871715486232
0.000102109111514872
0.000105459337597317
0.000108492486789755
9.8086951065336E-05
9.59296870433782E-05
9.49614183180626E-05
9.57901854502897E-05
0.000100807007330489
9.89354235016419E-05
9.83913774166279E-05
9.26172425999536E-05
0.000104644710984778
9.39439102318602E-05
0.000101084531675822
9.87389778754589E-05
9.5777951779235E-05
9.84352674510894E-05
9.84301051282372E-05
9.47538872800785E-05
0.000101091166377869
9.52131108210071E-05
9.34254992365479E-05
0.000100188176878079
9.43857342915622E-05
9.26973345523503E-05
0.000102915648300439
9.48906607120469E-05
9.04052637596847E-05
8.86766379390482E-05
8.93330786189473E-05
9.7601616507797E-05
9.50748770894576E-05
8.99311209572638E-05
9.13271050960556E-05
9.30525606402998E-05
0.000102177082196728
8.8298832049552E-05
9.59368216620233E-05
8.99657829731207E-05
9.64101000603354E-05
9.75273173283503E-05
9.81213681871384E-05
8.15029468397293E-05
9.40948485099478E-05
8.77920456477935E-05
0.000104456540279572
9.11110281050409E-05
8.62133633100459E-05
9.29767289470337E-05
9.03756604869155E-05
8.59538447453747E-05
8.33718068356669E-05
8.58256771597187E-05
8.22050178532342E-05
8.7326403230207E-05
8.47659165615433E-05
8.85460221357153E-05
8.69970555599665E-05
8.42850977457258E-05
8.17306874100527E-05
8.20263529579429E-05
8.86530246054829E-05
8.8170909032155E-05
9.11670516994225E-05
8.6375530027031E-05
9.91841243413285E-05
8.93106577528729E-05
8.2524619008101E-05
7.98377854939773E-05
7.45254388461853E-05
8.92072306715377E-05
8.40169553574576E-05
9.14420017636234E-05
7.94153551785424E-05
8.39197633815494E-05
8.02528189130612E-05
8.35890721940878E-05
8.65563248468472E-05
8.44988498313842E-05
8.01020762282188E-05
8.15481945241934E-05
7.80338087996828E-05
8.43980627251101E-05
7.72758068875557E-05
8.27480166929684E-05
7.83854182488726E-05
7.88211868161487E-05
7.86283828476299E-05
7.63711572325447E-05
7.24076406332376E-05
8.08478032090584E-05
8.04895908600188E-05
8.53815513853336E-05
7.39433811763336E-05
7.59468004710473E-05
8.06236008871253E-05
7.81724722878868E-05
7.55172671698526E-05
7.40849443778606E-05
7.76349710362489E-05
7.51796072390451E-05
7.97937988368171E-05
7.81479770514748E-05
7.71203139742516E-05
7.32044682870614E-05
7.86818781900616E-05
7.07836200540675E-05
8.01377431237984E-05
7.60603499616823E-05
7.66993125922164E-05
7.56430762183008E-05
7.14751459869387E-05
7.53559918249121E-05
7.1769359094578E-05
7.69824741830455E-05
8.30230078521793E-05
7.81072275193347E-05
8.15659521598938E-05
7.15098703589646E-05
7.07476418467797E-05
7.43617092790444E-05
7.62984663788336E-05
7.4794129018788E-05
6.88106054265432E-05
6.98141371755094E-05
7.57617877282146E-05
7.2034457004625E-05
6.73671691184202E-05
7.7538808935849E-05
6.81213602089739E-05
7.53629038010813E-05
7.12391043256833E-05
6.98097858917844E-05
7.23964551793313E-05
6.95065462649576E-05
6.78237692757926E-05
6.44587322633597E-05
7.25494787854376E-05
6.96949471665058E-05
6.84005057051192E-05
6.81627564864702E-05
7.35429256168294E-05
7.12951130279102E-05
7.07702253013219E-05
7.12009688573757E-05
6.38843018445414E-05
6.83627207869943E-05
6.80627208465981E-05
6.83386270471641E-05
6.60989713044101E-05
6.96765057528266E-05
6.47887430437533E-05
6.35460322994879E-05
7.17631350963623E-05
6.93261589099371E-05
6.89995449879946E-05
6.89482883844129E-05
6.28512296948586E-05
6.8217815669147E-05
6.58865956995961E-05
6.64491017100745E-05
7.07651581056554E-05
6.69695263168758E-05
6.75396556343567E-05
6.95153962007624E-05
6.70207937726108E-05
6.46219091295616E-05
5.77653909646497E-05
6.5962573043081E-05
6.79441310765957E-05
5.82953345533026E-05
6.73251832298296E-05
5.80632639023547E-05
6.18002656506733E-05
6.25859244677347E-05
6.42375285340478E-05
5.86056558213473E-05
7.1362393952723E-05
6.21016097193412E-05
6.52626344743847E-05
5.96425617096599E-05
6.00232199239009E-05
6.04041903453059E-05
6.17373111481582E-05
5.80838141820328E-05
5.94369434177338E-05
6.60877267039021E-05
6.59402038801341E-05
6.27237912911945E-05
6.57106157238736E-05
5.88945647766209E-05
6.35603910196194E-05
6.1940680717201E-05
5.83344515288436E-05
6.15960500480156E-05
6.43744221469292E-05
5.75093065291601E-05
6.01672904291416E-05
5.59245819247947E-05
5.21004774580672E-05
6.14343466470362E-05
6.68413624090304E-05
5.94646626803221E-05
6.53109551557482E-05
5.78719371326751E-05
5.79382157691581E-05
6.05369005512136E-05
5.83256304797785E-05
5.55555434263152E-05
5.41127761779158E-05
6.04147751931688E-05
5.53029996588479E-05
5.4745920226445E-05
6.05029856716746E-05
5.60077059049944E-05
5.82812254216879E-05
6.05975991643095E-05
5.66052978122625E-05
5.49514895127113E-05
5.98202769727973E-05
5.81024627803286E-05
5.81787078914004E-05
5.2548817269282E-05
5.41823905482144E-05
5.49587517431047E-05
5.55682286767423E-05
5.46930073652128E-05
5.18593928612516E-05
5.20888172670635E-05
5.79364855210288E-05
5.63465055086148E-05
5.41475668205502E-05
5.49573494424511E-05
5.99777485973655E-05
5.65435667506567E-05
4.67532846003754E-05
5.47124515552924E-05
5.16518526153708E-05
5.10539005556599E-05
5.43213495512789E-05
5.95470551597951E-05
5.5576577582586E-05
5.4037596628209E-05
4.95863675281985E-05
5.12045909657112E-05
5.4322310245094E-05
5.53540248958722E-05
5.31096439057667E-05
4.75250614502203E-05
4.96840640842327E-05
4.88481449570737E-05
5.01055423202701E-05
5.17101742350245E-05
4.79509839758855E-05
5.32586635393275E-05
5.05367035636879E-05
5.36270029397332E-05
4.66788415800154E-05
4.79341147499503E-05
4.9452806722567E-05
5.01035343797793E-05
4.86843376452491E-05
5.52278792667934E-05
5.28503449257931E-05
4.79571352723328E-05
4.94464349504246E-05
4.99201893520603E-05
4.69408616473306E-05
4.95543201089374E-05
4.75591667635022E-05
5.07646097151941E-05
4.66244397366025E-05
4.69568420508146E-05
5.00227747408408E-05
4.79070339909878E-05
4.80048333245195E-05
4.79895575614233E-05
4.86789990302623E-05
4.09959814314283E-05
4.5822128009595E-05
4.91370585283454E-05
4.7789317440313E-05
5.14622518949337E-05
4.68259535067475E-05
4.48382579689207E-05
4.26297752022466E-05
4.42422071740701E-05
4.84639717372619E-05
4.35814645021998E-05
5.31879204933338E-05
4.39138245610476E-05
4.11004780508714E-05
3.72435927132606E-05
4.44262540173987E-05
4.74594368082533E-05
4.56026748408138E-05
4.73733740361664E-05
4.6083073135961E-05
4.65609955513879E-05
4.32700893960011E-05
4.22664569881922E-05
4.35781457073836E-05
4.3595997335717E-05
4.62162643794611E-05
4.32272296973176E-05
4.73371947567095E-05
4.87743024240449E-05
4.10165123281106E-05
4.08606890473711E-05
4.09491343474095E-05
4.10646377624503E-05
4.52914004286389E-05
4.27988248839028E-05
3.82384288754451E-05
4.73423330177975E-05
4.57032953648567E-05
3.63702992457109E-05
4.11557433122908E-05
4.09850101653437E-05
3.02875678295157E-05
1.76198855171663E-05
1.45082361010648E-05
1.94544827198872E-05
1.72489228983683E-05
1.6904750304123E-05
1.44305384776376E-05
1.70962948030514E-05
1.54220005052816E-05
1.61820894923767E-05
2.12607319131771E-05
1.60868800470907E-05
1.68245212417665E-05
1.61251126962626E-05
1.72818846449422E-05
1.90529485736996E-05
1.51862199186698E-05
1.41615284883811E-05
1.32104921120192E-05
1.84496258865951E-05
1.76556837287807E-05
1.7127146109672E-05
1.44396759032102E-05
1.62575615912935E-05
1.69397100617892E-05
1.54027171365666E-05
1.51564382684452E-05
1.59233388157515E-05
1.39386744524743E-05
1.89361563837181E-05
1.83454841780824E-05
1.51849589854273E-05
1.61204218148805E-05
1.57083858417458E-05
1.55148769642702E-05
1.65894196069747E-05
1.51961192747626E-05
1.36597079843583E-05
1.32561721892773E-05
1.210322396751E-05
1.68445683132726E-05
1.43380634924234E-05
1.5748998632564E-05
1.51066238456204E-05
1.41916639400144E-05
1.40616615813418E-05
1.46661114329157E-05
1.39317374525507E-05
1.47032729936367E-05
1.32058854875865E-05
1.20600263920007E-05
1.41846445640879E-05
1.22063705240963E-05
1.36116314764196E-05
1.55948436011732E-05
1.5338726010545E-05
1.20728892645507E-05
1.40708894578821E-05
1.0349439109426E-05
1.10733088071026E-05
1.24944122377249E-05
1.36517093333641E-05
1.17660509435124E-05
1.29563315746013E-05
1.38143611234546E-05
1.47731047933683E-05
1.20380068347228E-05
1.22584905265679E-05
1.07603195856054E-05
1.38487817214397E-05
1.26854685479149E-05
1.71477104315653E-05
1.15062103076156E-05
1.31330063226544E-05
1.09067583960469E-05
1.04751169643326E-05
1.38051048061545E-05
1.2748342244263E-05
1.05632890339408E-05
1.24771584534066E-05
1.17323814121072E-05
1.12536148497855E-05
1.22106836584396E-05
1.02571616733239E-05
1.21951683581134E-05
1.18219472835672E-05
1.14278664204624E-05
1.25512627481871E-05
1.37150592641411E-05
1.21672363677143E-05
1.05102009482338E-05
9.63266063834749E-06
1.28558623847548E-05
1.18384221060934E-05
1.06782480693836E-05
1.09203037060956E-05
1.32536008662537E-05
1.22298824401855E-05
1.07789991711638E-05
1.28545171066409E-05
1.16912334042205E-05
1.00038503481944E-05
1.36926470462848E-05
1.11627564230832E-05
1.17231019012679E-05
9.10805146749885E-06
1.09193356931383E-05
1.13192107988161E-05
1.06160557997767E-05
1.06048718125189E-05
1.14424499602853E-05
1.17208656299791E-05
8.92996019730737E-06
1.08820839421015E-05
9.56363807878808E-06
1.02767086525099E-05
8.5072755319661E-06
1.10460220348552E-05
1.08890611186482E-05
1.06311528148532E-05
8.75036342563972E-06
1.13332183873523E-05
9.27087109636863E-06
9.45648016986368E-06
9.1702307100443E-06
9.2003344176651E-06
1.15690089150316E-05
1.00335624821456E-05
1.07103017998551E-05
1.16999244180693E-05
9.62240583031376E-06
8.05469107897349E-06
7.43960263927887E-06
9.69433898242366E-06
1.16072031801775E-05
8.64375870031772E-06
9.74516411948412E-06
9.36371501118317E-06
8.96572671733836E-06
8.47081857376859E-06
1.28600288503657E-05
1.15968329940042E-05
6.62860771586265E-06
9.85910295014569E-06
1.06411394199986E-05
8.37940430396108E-06
8.4214696227035E-06
8.68396578891303E-06
8.80436169653558E-06
7.26929748573503E-06
9.79852507129091E-06
1.19599483774949E-05
1.00169732488739E-05
7.57480434954931E-06
7.46129538570982E-06
8.73642298587347E-06
6.14799387651364E-06
9.02061803283178E-06
8.45696956538817E-06
7.99980558348558E-06
6.49566223878034E-06
8.47726726024648E-06
7.24678979035714E-06
9.19700941165883E-06
7.15292514127542E-06
7.82868307314104E-06
7.4594557377224E-06
7.70593615648615E-06
8.11425413047322E-06
8.04686955650172E-06
7.42096600613049E-06
7.63282695490698E-06
8.54811561150979E-06
7.02498759521405E-06
8.63188763554659E-06
7.30344129763416E-06
1.03316861366181E-05
7.98186874845212E-06
8.44935635973747E-06
8.19743084040929E-06
6.32399246122437E-06
8.07251502660855E-06
7.77012712270006E-06
5.22282887537971E-06
6.33890431012849E-06
9.27131472997697E-06
5.22600601184606E-06
8.71992616823278E-06
7.0157333665336E-06
8.70892569341686E-06
7.21978376638459E-06
7.17838482702415E-06
8.11080666784335E-06
8.91476926614303E-06
7.71327634634216E-06
7.29664238267339E-06
8.43322171433943E-06
9.53795216994753E-06
8.06446946922691E-06
6.25822555862151E-06
6.07516099717808E-06
8.6080171781257E-06
8.52397086634044E-06
6.23539281789854E-06
5.88981224829979E-06
7.86309527747579E-06
6.46767918704936E-06
6.32221796354756E-06
5.66468422240584E-06
5.55775872172027E-06
8.6915235791922E-06
6.47435089417988E-06
6.60177245053455E-06
4.49711579877535E-06
8.06832149106905E-06
6.31584683425389E-06
5.40745130220498E-06
4.94642539973087E-06
6.55117156338049E-06
6.43152507139671E-06
7.87547929924905E-06
6.29010605149994E-06
6.36790036713512E-06
5.09343688429015E-06
7.91019045036779E-06
6.06305777304281E-06
4.84033314063992E-06
5.54592835146709E-06
4.47009207183028E-06
5.23336423490934E-06
4.74211514415062E-06
6.18970414617316E-06
4.59780372730312E-06
4.32670935792687E-06
5.15892558287335E-06
5.08811790842764E-06
6.69332608446866E-06
6.51657298785752E-06
4.84485439180018E-06
5.47050660165277E-06
6.36855325626886E-06
4.71265293759769E-06
7.67120535161938E-06
3.5428543813082E-06
5.97634811773205E-06
6.28847161110972E-06
3.31977862641286E-06
7.56961998248876E-06
4.38200959733979E-06
6.01752691051921E-06
6.37063264424944E-06
5.8180620312167E-06
5.70870461582449E-06
5.68917283306908E-06
4.88218395047099E-06
4.82997918738133E-06
6.74102053654526E-06
4.92703510543078E-06
5.05675784652901E-06
4.54910079891272E-06
5.48286894752733E-06
3.68273005963686E-06
3.61015527391757E-06
5.25223373612233E-06
4.876651682907E-06
4.05798911210989E-06
4.45418991321155E-06
4.13933626437216E-06
3.90237289097163E-06
3.94500527239663E-06
5.07015236591542E-06
3.51764090462789E-06
7.08806999695812E-06
4.36924581656042E-06
4.24832400488431E-06
3.95113351831782E-06
3.73729811176784E-06
4.02104236532947E-06
4.49971665681857E-06
3.7622761491848E-06
5.32980327944612E-06
4.22155435745233E-06
2.62086869466937E-06
3.45654221485759E-06
4.16611696912209E-06
4.9532334545962E-06
5.51722444966866E-06
4.56399565760627E-06
4.13206663169774E-06
4.91957380581197E-06
5.13626859599015E-06
5.202631836542E-06
3.23929814186372E-06
3.37864174507573E-06
2.79946377744555E-06
2.80461299630809E-06
4.34253068188027E-06
4.62693929998348E-06
3.94058474732422E-06
3.49142638665894E-06
3.05130096796345E-06
4.46592612186083E-06
4.33306570796748E-06
3.79424813681411E-06
2.76504689950149E-06
4.02269540992257E-06
3.62343178782708E-06
4.12249359057222E-06
3.90069240438962E-06
4.94176884034841E-06
3.67509049194467E-06
2.71835204022521E-06
4.84743720580751E-06
3.38404341953623E-06
2.89401418293477E-06
4.91769235461458E-06
4.9194165645699E-06
3.81659103302534E-06
3.90726324639263E-06
3.52540012648615E-06
3.10158679471879E-06
3.36115387507072E-06
2.86046605649811E-06
3.5161308261191E-06
4.00199402332995E-06
5.15703038170895E-06
3.28230971220319E-06
3.43922866803462E-06
2.81942497778219E-06
4.01507475811611E-06
2.93814423685087E-06
2.74146748713234E-06
2.74849546010007E-06
3.69548236731452E-06
3.3164890845569E-06
2.68936232451917E-06
3.12143946220323E-06
2.16126972305906E-06
3.04462917547433E-06
3.29732540689214E-06
9.45617906156973E-07
2.71455502166925E-06
3.79037439408078E-06
2.56458010113879E-06
2.79357719139797E-06
4.55182377618578E-06
3.80116235181944E-06
3.41065023282174E-06
3.38975376118767E-06
3.46636166868453E-06
2.73794725063743E-06
5.09948159960824E-06
1.92432835033153E-06
2.02502123872783E-06
2.25981375880946E-06
2.89412933014404E-06
2.86484041978538E-06
2.90201392767156E-06
2.78589829153847E-06
1.41838196878144E-06
3.15245373285191E-06
3.56664888989041E-06
3.12054553715959E-06
1.82952466111447E-06
4.18617870116332E-06
3.00458516991186E-06
2.68435377475489E-06
3.08620020031107E-06
2.86495037017452E-06
3.3146760806594E-06
2.96635986102935E-06
1.72453118344877E-06
1.89524552115473E-06
3.59665197974758E-06
2.53574740660361E-06
3.7187851892598E-06
2.05500187212576E-06
2.85833887274631E-06
2.62098383009802E-06
3.52605457284862E-06
4.23213878285043E-06
2.330003505774E-06
1.62848217324098E-06
3.11275768558184E-06
5.96193249371555E-07
4.32802776883701E-06
2.18592417998501E-06
3.207812702389E-06
1.58493801385232E-06
2.43427756867443E-06
3.0103887310577E-06
1.86013474825324E-06
2.57754972778313E-06
2.54803586532137E-06
2.36313526813255E-06
1.64758272371209E-06
1.69206208172982E-06
1.39474283854155E-06
1.98706104414222E-06
2.45423264267831E-06
1.85016232098197E-06
2.09856827476287E-06
2.94604531835354E-06
2.59458722713443E-06
2.22974511254316E-06
2.23465766888085E-06
6.06796392630945E-07
1.52394533158743E-06
1.3790012149919E-06
2.20061333021973E-06
2.04836611609698E-06
1.52035458837259E-06
1.62994800189961E-06
3.05995123167738E-06
1.25455270514914E-06
2.69421636555548E-06
3.44856531343429E-06
1.43984404130173E-06
1.91764352208814E-06
2.05556157877466E-06
1.26805087326729E-06
1.26784901097492E-06
2.27616020442444E-06
2.06789457180684E-06
2.3121015075856E-06
2.33433698510883E-06
1.92957718857432E-06
2.29749442652552E-06
1.88763599062525E-06
1.707702620278E-06
1.20915360435193E-06
1.4129503890177E-06
2.6065242457625E-06
1.87044628579288E-06
2.32609221689737E-06
1.14236530914835E-06
1.46762475213684E-06
2.88884748237303E-06
1.40893554664343E-06
1.80645687343249E-06
1.82330087446323E-06
1.67123741867375E-06
1.24207624599227E-06
1.9242181634541E-06
1.37604790256022E-06
1.66195824885485E-06
2.69341856190212E-06
7.62408234749262E-07
8.72703661361633E-07
2.56210453008452E-06
1.75543247499422E-06
2.20201320563352E-06
6.03299806569674E-07
1.41049305957418E-06
2.7226025486819E-06
1.25929678963341E-06
1.13901995860816E-06
1.61200151652277E-06
1.44969034193579E-06
1.56292166970143E-06
1.62356871862992E-06
2.05175138736362E-06
6.56445838562617E-07
1.79789838430832E-06
1.77385748769148E-06
1.44561686174881E-06
9.40307055886343E-07
1.85069902222618E-06
1.97302353662611E-06
1.62771109900278E-06
1.73174733325555E-06
1.81473782483887E-06
1.90654304910482E-06
1.84671549430474E-06
1.39849462596822E-06
1.68305528853989E-06
2.20284335208522E-06
1.37970085591757E-06
1.2787684412931E-06
1.52587478894552E-06
1.35315521835078E-06
1.50553767559919E-06
2.26341252455974E-06
8.86077525593232E-07
1.14547037759915E-06
8.42128948534157E-07
2.25000525049831E-06
9.8469261748519E-07
1.39166568868681E-06
2.26583652812936E-06
7.94461805478274E-07
1.91881573358254E-06
2.53442449929064E-06
7.17200052021258E-07
1.76169396733874E-06
4.85823324894619E-07
1.14685083652144E-06
9.84184271179793E-07
2.12393577309653E-06
1.9038397789589E-06
1.14119084610123E-06
7.69596786408279E-07
9.34792621694056E-07
1.08216630270561E-06
1.4630764847E-06
1.27115701490106E-06
4.73237193305272E-07
9.07166369382883E-07
1.22553966174943E-06
7.51861692463339E-07
1.39596179280127E-06
1.3768305628859E-06
1.86456010187336E-07
9.38711095492691E-07
1.48408022300906E-06
1.44448670121214E-06
1.59703231464377E-06
1.34625924114297E-06
5.34754338284413E-07
2.13217977390645E-06
8.38287660353339E-07
9.97855114533808E-07
1.38054952778609E-06
1.06885637395231E-06
9.78600570130695E-07
7.78611055796876E-07
8.13579640932755E-07
1.12142011883082E-06
1.34045410136791E-06
1.66307817095834E-06
1.53258886902815E-06
8.65407247780393E-07
8.34600863011031E-07
1.06425326050289E-06
9.51228474108466E-07
1.41399649006954E-06
6.1774053665514E-07
1.01354580281298E-06
1.03049821943462E-06
8.47625148584685E-07
1.28847287533204E-06
1.72838369808342E-06
8.48493835224652E-07
1.03175903932385E-06
8.73961918783093E-07
1.10151870628353E-06
1.25313462142276E-06
1.10219199561541E-06
1.37273495429247E-06
1.53399009283779E-06
5.76468807152559E-07
8.98573926552414E-07
1.18386687793609E-06
8.6999148965804E-07
9.58279794270104E-07
7.13321631328104E-07
1.52962142012858E-06
8.53048066575927E-07
1.17627934384129E-06
4.74843494454773E-07
9.61944557661623E-07
1.10568307517848E-06
5.3454676819148E-07
1.91636439543594E-06
6.45435966200149E-07
7.18765552851544E-07
6.83661319922089E-07
3.99195175922609E-07
1.28376421535027E-06
6.79095058781078E-07
6.20354529464476E-07
5.48059179377878E-07
1.83148768172134E-07
7.26538929969313E-07
7.58124328087881E-07
7.04840673208049E-07
1.30191013724027E-06
4.93910598997353E-07
1.00864050065759E-06
9.58415359052555E-07
4.39956835369813E-07
5.77008600396475E-07
4.53772243542541E-07
6.57280385352803E-07
1.82491396420849E-07
5.22819782564205E-07
5.36654537495909E-07
4.35449656546119E-07
1.0074408494017E-06
1.32588512938196E-06
6.10922696636612E-07
9.48086018958485E-07
6.95892361049481E-07
3.43473726840768E-07
5.78393433759653E-07
6.54831869578944E-07
6.21461164010074E-07
7.56892096797151E-07
1.00712737921903E-06
6.4394251932764E-07
5.01487679943321E-07
8.42742762877468E-07
7.12107415634288E-07
6.89637343126901E-07
9.1027371596798E-07
4.56855431632925E-07
7.69580211166606E-07
3.21040409690073E-07
6.71755085735498E-07
6.75380601212547E-07
8.01147233268098E-07
2.95565634841988E-07
6.44303359252156E-07
1.17700614694597E-06
6.38209033980755E-07
2.49464925452075E-07
7.5582663709716E-07
1.33784515073904E-06
8.50931305206781E-07
1.03941040310378E-06
2.83448509683307E-07
1.42353639948017E-06
8.7929350422829E-07
1.2119169343461E-06
3.42680895824934E-07
4.11378142497716E-07
1.34827779232321E-06
6.84447018641639E-07
1.04329423175669E-06
1.09148932750588E-06
1.09174533606089E-06
3.1549214677497E-07
5.94563807137698E-07
9.19913368891686E-07
5.01733728681016E-07
6.85532521797955E-07
5.18940390045967E-07
4.97473798650965E-07
9.14400101368321E-07
8.35914248756138E-07
4.44277540731354E-07
6.7539611629272E-07
3.2742414544943E-07
3.35849582140105E-07
7.58963514105465E-07
3.37391047807499E-07
4.07087298380848E-07
3.41868829926487E-07
3.15711574327082E-07
3.73810792532547E-07
3.46856342183909E-07
3.55723337188768E-07
3.4243892398425E-07
4.81894296940658E-07
7.37697446829369E-07
4.19001842285674E-07
1.78675437021928E-07
7.45324175827449E-07
6.58165103663246E-07
1.78522544119419E-07
9.59518378697925E-07
2.95137017353369E-07
6.52907851084022E-07
3.42394426339634E-07
4.71772959511249E-07
1.06673434233992E-06
5.98357542215848E-07
8.76545948712283E-07
3.48221320689286E-07
7.50648345953685E-07
1.77950172924075E-07
1.77902711656487E-07
2.60602658707142E-07
4.21909580784128E-07
1.77777612115031E-07
3.17233484787281E-07
9.13951438538124E-07
7.62164466732003E-07
6.33237035835206E-07
1.77501950125174E-07
4.51141150613563E-07
7.6691727109239E-07
2.74163928927557E-07
3.28146093128817E-07
1.77243849437155E-07
4.18168682442822E-07
9.2203239626891E-07
1.77072618644553E-07
5.79226654305703E-07
1.76996637423438E-07
8.34624245564202E-07
2.56948508569552E-07
1.76816298025513E-07
4.53379916309972E-07
3.01112206610215E-07
4.02707634379701E-07
4.50568888595958E-07
4.25181465066628E-07
3.71452537971529E-07
2.20607037882499E-07
0
0
2.20399752658433E-07
0
0
0
0
0
0
2.19967285101985E-07
0
0
0
0
0
0
0
0
0
0
0
0
2.19188775126225E-07
0
0
0
0
0
0
0
0
0
0
2.18469970601539E-07
0
0
0
0
0
0
0
0
0
0
0
0
0
0
0
0
0
0
0
0
0
0
0
2.16992297694668E-07
0
0
0
0
0
0
0
0
0
0
0
0
0
0
0
0
0
0
0
0
0
2.15654032352558E-07
0
0
0
0
0
0
0
2.15179140623932E-07
0
0
0
0
0
0
0
0
0
2.14603659489804E-07
0
0
0
0
0
0
0
0
0
0
0
0
0
0
0
0
0
0
0
0
0
0
0
0
0
0
0
0
0
0
0
0
0
0
0
0
0
0
0
0
0
0
0
0
0
0
0
0
0
0
0
0
0
0
0
0
0
0
0
0
0
0
0
0
0
0
0
0
0
0
0
0
0
0
0
0
0
0
0
0
0
0
0
0
0
0
0
0
0
0
0
0
0
0
0
0
0
0
0
0
0
0
0
0
0
0
0
0
0
0
0
0
0
0
0
0
0
0
0
0
0
0
0
0
0
0
0
0
0
0
0
0
0
0
0
2.06783115633663E-07
