0
0
0
0
0
0
0
0
0
0
0
0
0
0
0
0.217893884281137
0
0
0
0
0
0
0
0
0
0
0
0
0
0
0
0
0
0
0
0
0
0
0
0
0
0
0
0
0
0
0
0
0
0
0
0
0
0
0
0
0
0
0
0
0
0
0
0
0
0
0
0
0
0
0
0
0
0
0
0
0
0
0
0
0
0
0
0
0
0
0
0
0
0
0
0
0
0
0
0
0
0
0
0
0
0
0
0
0
0
0
0
0
0
0
0
0
0
0
0
0
0
0
0
0
0
0
0
0
0
0
0
0
0
0
0
0
0
0
0
0
0.000167084507946493
0.00063142075376559
0.000948103866407768
0.00113181337094153
0.00123213876611101
0.00121507842525605
0.00140021631693487
0.00148097353769782
0.00145033626538917
0.00166294622003681
0.00154705453946741
0.00171050042562606
0.00170392537879671
0.00164439174218553
0.00166294980661833
0.00181994265829806
0.00181514819333201
0.00166525568005517
0.0019538691343964
0.0017499714484662
0.00182059392960114
0.00183426084952883
0.0017644543213681
0.00185548289591319
0.00175199727917045
0.00170876924634505
0.00175510983242402
0.00172663977875146
0.00173343338947953
0.00192712478097387
0.00180179477526211
0.00181019098330485
0.0020278414867198
0.00188960090976704
0.00177593708862109
0.00197677930433087
0.00186591091135931
0.00183598170074954
0.00199355132819413
0.0019624290171738
0.00183464933787189
0.00205348677664103
0.00180291168468886
0.00186620042646804
0.00189187985831585
0.00181351069461215
0.00177283269767443
0.0016665911166324
0.00178347202131509
0.00183139587798657
0.00184326971862675
0.00172766641657873
0.00195998862826172
0.00171949142310499
0.00188437008019717
0.00186903995073468
0.00172736906415813
0.00181682388743766
0.00177462848211817
0.00176468665722659
0.00175820647811818
0.00179383678721953
0.00174166183713441
0.00190545479016901
0.00186254549179816
0.00175454965685828
0.00177291177932701
0.00178671763970436
0.00174412225610507
0.00182045252704887
0.00172535639847883
0.00177255466964282
0.00189514523295718
0.00199965051910883
0.00175345075068237
0.00173414307849919
0.00185231935739922
0.00179181037269925
0.00177381926680892
0.00193256625123786
0.00173627080202617
0.00162779866298136
0.00165669164355705
0.00172818110505968
0.00199255369498844
0.00203509424279991
0.00196352071945024
0.00202402587328278
0.00208666449732883
0.00222623646095308
0.00231324774654242
0.00215667103911078
0.00235997497731168
0.00251291077238812
0.00242981079927445
0.00247282427700749
0.00240185526499579
0.00233097794471343
0.00216817931950783
0.00236424179410819
0.00215941459642769
0.00222963760736666
0.00220234222911216
0.00235846613958561
0.00225673907916734
0.00221510633839345
0.00229830666410011
0.00231925979644173
0.00234603983296975
0.00240749692411639
0.002278995014806
0.00239668716248999
0.00223254825315905
0.00236169954241841
0.00246291582594126
0.00234670191206536
0.00235316755186621
0.00221867990170153
0.00243629374809055
0.00248003292954006
0.00249677043518335
0.00256419911852353
0.00255150867661321
0.00258833446594741
0.00255246292387306
0.00261121693023117
0.00280124791096983
0.00259053972049085
0.00267900931347693
0.00270493654249891
0.00278888985476629
0.00269326760338837
0.0025808588056619
0.00261125239180022
0.0028908657510398
0.00251136467707996
0.00285453826761958
0.00287767660720954
0.00264307489183984
0.00300592895639892
0.00268633289008191
0.00285166326715386
0.00272481299855753
0.00282549799631784
0.00285760896425454
0.00273053902407038
0.00283435295319287
0.00279431042224256
0.00290859735851188
0.0027511013045511
0.00305212938891484
0.00306650013521561
0.0029477341505116
0.00291118559563428
0.00278634523261181
0.00282468095885897
0.00300888377699342
0.00304075499397937
0.00294857157168632
0.00298403941944979
0.00307992712767941
0.00311686400340346
0.00301391706715758
0.00296637445745505
0.00301218088853389
0.00315951529610792
0.00314625118413773
0.00296714466937925
0.00302736302129005
0.00318468286925333
0.00313797198050509
0.00312399890817445
0.00329650131018307
0.00318836157271569
0.00306786236229387
0.00343866741938799
0.00309674591659205
0.00318755685167298
0.00311332356341079
0.00319267275027329
0.00304135201760844
0.00319265655967217
0.00319639502652646
0.00297942587959439
0.00297819811300545
0.00295743532409387
0.00309240245979083
0.00294246257511847
0.00296114579290029
0.00311139558954252
0.00311737555219611
0.00305446174939255
0.00290570654064877
0.00302143085492311
0.00292258841712114
0.00296596603681169
0.00286558657394295
0.00298547550805912
0.00275199767204232
0.00287588751454968
0.00281271395427079
0.00282211348947907
0.00328302884503354
0.00500193437731476
0.00508303698305957
0.00505705746847643
0.00508776354977806
0.00502907649324251
0.00495187526271874
0.00507817363826971
0.00489476429522938
0.00492707820334791
0.00480224000757547
0.00478193380901727
0.00481710462783894
0.00500665995220603
0.00484974121631835
0.00470532371392454
0.00477568768276674
0.00479742792254912
0.00476394744923821
0.00463695819289736
0.00472754078618051
0.00478487036736014
0.00458435536274199
0.00483197224572266
0.0048743732218281
0.00475381301339598
0.00475938628092692
0.0046361718051036
0.0045967235364132
0.00459865474766478
0.0047368000491182
0.0047982327201001
0.00455714607882884
0.00454436723968526
0.00443549979443634
0.00438731594832154
0.00466569682649818
0.00457369301170996
0.00451443654170167
0.00453136911959426
0.00452202457417072
0.00443253889433049
0.00452310206673895
0.00457831167663862
0.004271270206044
0.00428677582563042
0.00424036529239853
0.00426449875794566
0.0040937699664656
0.0041579850476817
0.00403715057023047
0.00441982400630218
0.0042824297173341
0.00405541650232824
0.00424982220094711
0.00408644794130301
0.00429224541512533
0.00421623385276032
0.00432215549596333
0.0043373778431241
0.00423073064686742
0.00416483579460918
0.00415089527487101
0.00417581533982574
0.00408016487514068
0.00404612083011793
0.00403311610585814
0.00403197583926527
0.00411996437130434
0.00398817836845677
0.00401692202921857
0.00404062204029343
0.00406506923354166
0.00397951735334234
0.00399003938324481
0.00396268369095995
0.00388757899129254
0.0039285567854742
0.00385037782384828
0.00378973293571113
0.00384768505060088
0.00373011409322007
0.0039617063288812
0.00388123032805857
0.00387684538746767
0.00368027498086908
0.00383977826413865
0.00381378498127157
0.00376235651474138
0.00370025275776627
0.00373204425787791
0.00372329096932911
0.00356539945595125
0.00356938361497603
0.00360881149656134
0.00354108161296215
0.00361403191227357
0.00370176903880025
0.00352308078967509
0.00357980123255223
0.00352027656807207
0.00354662121967578
0.00357845145524783
0.00363292939548498
0.00352061193788716
0.00342743710491123
0.0035383078879431
0.00335467805907991
0.00332794429147933
0.00345396924384872
0.00350840029801665
0.00351614837942826
0.00344831717824879
0.00342561005520565
0.00341715212173095
0.00332987674928229
0.00336064271080473
0.00327701658504726
0.00348320235513998
0.00358710092198995
0.00347008718005088
0.00372275376142936
0.00368341110959163
0.00372532155885519
0.0037894075788377
0.00379812947057981
0.00374914368075866
0.00374689866028786
0.00381303819724274
0.00377901495328434
0.00355419689895526
0.00378269190960019
0.00360797662071771
0.00356540998492579
0.00367134187988492
0.00365233261312646
0.00359752014466786
0.00358834490248221
0.00347647560361327
0.00358302581092167
0.0035104246073371
0.00352459515046341
0.00346746334780331
0.00343470319484076
0.00336027607545998
0.00336755771600302
0.00328627509238264
0.00330957283770969
0.00338623884729364
0.00356509418556769
0.00330529308785209
0.00327966644257089
0.00327638533490301
0.00342106119626749
0.00315817817071614
0.00331663085571477
0.00323619556597025
0.0031872732024888
0.00324991031627589
0.00324968772587309
0.00324329702515118
0.00314737387663633
0.00317559638429461
0.00315155752863794
0.00318669966348363
0.00311186973219233
0.00305994062236792
0.00310879634992128
0.00312346627477162
0.00303354054256096
0.0030343051671307
0.00304404822919744
0.00304252016997527
0.00299770231369625
0.00302747006853663
0.00289247455119509
0.00302428827436305
0.00296037760469574
0.00305220031657938
0.00300794677473655
0.00299113134221747
0.00285002603224561
0.0027880846267809
0.00289481762608376
0.00284497591622832
0.00286762807457476
0.00270400108437422
0.0027704870597372
0.00275592858334903
0.00272858639243017
0.00278275820138918
0.00269285207010403
0.00283248454993897
0.00275085134827421
0.00254494576690492
0.00254673946691148
0.00264539842309778
0.00260798566434156
0.00263469227543489
0.00260140788019284
0.00257222055964012
0.00247801363128868
0.00259407914871968
0.00250634448161056
0.00250450064392656
0.00249355248389785
0.00242244683634882
0.00246405213420207
0.00245226558257055
0.00252930501783478
0.00246742210299781
0.00247703823828381
0.00238263443894668
0.00245376947282184
0.0024009639974538
0.00242768552631399
0.00230120678868213
0.00232450777541209
0.00227636610555404
0.00221784737345622
0.00237431978078592
0.00231823009054308
0.00225072650863538
0.00227822548985811
0.00226221516725446
0.00229021194369854
0.00227320708049693
0.00219680308113594
0.00222049946741856
0.00225450849994538
0.00225388723247778
0.00217313680639538
0.00210184543413347
0.00226223839547171
0.00215992124272295
0.00211501009708701
0.00212410945247706
0.0020723544367104
0.00213011414326999
0.00207428864973112
0.0020388149838925
0.00211286489563105
0.00201715397052355
0.00201145404605344
0.0020504323278183
0.00200295686841427
0.00200272351011012
0.002040640050737
0.00199045817535716
0.00194786921858706
0.00188666770958994
0.00193403397064202
0.0019961885572859
0.00194012721297471
0.00196566751168182
0.00197663854934921
0.00190564652076341
0.00188726359849773
0.00192232929413113
0.00186783129932024
0.00183324721930285
0.00179926505889575
0.00188394286563451
0.00179159654943167
0.00180808532495868
0.00187254651133655
0.00175861483294223
0.00182196726526728
0.00179062537661934
0.00180237260337023
0.00182883790548682
0.00178623889333277
0.00178868100791118
0.00179284064197003
0.00183025768910673
0.00179841452903156
0.0017831326087705
0.00173072808149208
0.00167534078630847
0.00174082340834111
0.00173240754025241
0.00166608211068417
0.0016907944819595
0.00162887209879294
0.00168199459603428
0.00170926625229605
0.00162283283565788
0.00168281512195798
0.00168227239718746
0.00159655071343759
0.00158266198373139
0.00158204309120072
0.00157832065330551
0.00164868069549281
0.00157610898904919
0.00164047925443066
0.00156133617194843
0.00156210864354189
0.00163013860541572
0.0015076579695725
0.00158543360393947
0.00156859354135043
0.00156988820437182
0.0015870298529599
0.00154275445044963
0.00152679880275518
0.0015138231010002
0.0015461018972801
0.00158469383276416
0.00154121407961396
0.00154810375874301
0.00150511405058493
0.00149328800795583
0.00153730732895493
0.00148771499203401
0.00149616771542787
0.00151475252517064
0.00153617922891463
0.00151220835777732
0.00146659105061911
0.00147651125725289
0.00151560821094208
0.00149682575952541
0.00141190012422889
0.00153487265219396
0.00154130869124428
0.00148431225170658
0.00152774159142735
0.0015246232275758
0.00142872113782193
0.00142843878081041
0.0014187581809992
0.00143425955718232
0.00145578867496096
0.00143550184967771
0.00150208421901965
0.00140247608060446
0.0014266771601326
0.00133804662096749
0.00140320433560132
0.00137782965777545
0.00140094374442964
0.00147487258713897
0.00139732823740265
0.00140960812934901
0.00136325531453677
0.00141756634216375
0.00136171471016337
0.00138441416339833
0.00139485068564002
0.0013854565573988
0.00141599740954405
0.00137338219714499
0.00130516355822412
0.00134924746760473
0.00138687682937808
0.00138264948972656
0.00130581287330554
0.00135867889102273
0.00133377672282345
0.00135385064352278
0.00133028494247076
0.00131825878697154
0.00124068858296687
0.00130006161057814
0.00134258377905474
0.00128335563521409
0.00134059975088946
0.0013028170632747
0.00129100285686582
0.00128272192482243
0.00120606968690005
0.00128605253155028
0.00131489105507168
0.00125273442079351
0.00123935696643898
0.00125381326989699
0.00118262955259691
0.00127560015596011
0.00124936922634443
0.00129890646801661
0.00125826075743941
0.00125373470724622
0.00130655696576603
0.00123175563418886
0.00115563381028741
0.00123960852425109
0.00124952042713521
0.00122857578084359
0.00120229715885486
0.00122031895727998
0.00116678743666624
0.00118356474017649
0.00122762626062792
0.00117810367976122
0.00119939814626565
0.00118288770224972
0.00118816862528513
0.00122392570140332
0.00115746633601421
0.00119312152944182
0.00121226729638941
0.00115829516991002
0.00117060087775433
0.00120968737162865
0.00121632861367293
0.00117796023254918
0.00118654310679078
0.00115211862485096
0.00117741606035377
0.00117245390757622
0.00115104299643804
0.00114637103913369
0.00110570599278144
0.00110145073779681
0.00110606017336782
0.00111159654072315
0.00111343733925536
0.00111820473558483
0.00116550128740398
0.00114624910699525
0.0010610465366386
0.00112073056567777
0.00112285869860326
0.0010908790669885
0.00112883221062321
0.00116489083803522
0.00113788798386475
0.00113499543206643
0.0011460211262227
0.001110770086193
0.00107591043837576
0.00108638730667101
0.00104354203915363
0.00106035930969896
0.00106209697604384
0.00106846606219832
0.00103711280458083
0.00105591454380163
0.00106662908824226
0.00108593174133012
0.00105319420545128
0.00106557771534837
0.00102000687265155
0.00105384013486283
0.00106562481776535
0.00109278384527166
0.00104437635693872
0.00104432888280019
0.00103690914895795
0.0010189296579784
0.00104535036543691
0.00100590415024837
0.00103595200215269
0.00100406339357157
0.00103444493531795
0.000979142661202136
0.000970731743175785
0.00106043293205711
0.00105861071310423
0.00102313190234003
0.00101675429948855
0.000983108451290982
0.000988743493010039
0.000962597195028605
0.00105511700114843
0.000954563388841281
0.000980030458021363
0.000999907210174791
0.000969649034854905
0.00102470158321296
0.000974062514968827
0.000967661802145585
0.000917573362550712
0.000981518557948337
0.000962191876203826
0.000955124210592185
0.000952623175723073
0.000950471282336386
0.000942981897896213
0.00095537623804885
0.000982788027298661
0.000968150180453738
0.000935161432377194
0.000946959027957485
0.000953599219831223
0.000931645943257811
0.000979067633776946
0.000970235659280961
0.000929936781579724
0.000883067055605708
0.000933315465982451
0.000922035006489746
0.000895712171952463
0.000896222638733248
0.000920716487156506
0.000886336342580682
0.00088273417536289
0.000889207689964974
0.000877859881558253
0.000889015155696212
0.000918620613598665
0.000909103010624994
0.000929213878937571
0.000865856109882339
0.000865999246851882
0.000874638485819852
0.00088821091863909
0.000918494974666662
0.000880650663002625
0.000867586178353667
0.000846661169190695
0.000863954665078409
0.000860023965265897
0.000884076667439926
0.000821316521344684
0.000868622569622162
0.000862972400201022
0.000853618850751024
0.000868047511349795
0.000854550200524173
0.000832382413733955
0.000848804499401976
0.000900805759664254
0.000838879905417842
0.000858067952064085
0.000815194331712265
0.000827624074554424
0.000822757734761699
0.000851395975093414
0.000867762444087687
0.000843248657344839
0.000793019985219056
0.000818830743268821
0.000857572325237543
0.000822633449177984
0.000830699820748805
0.000821289724781588
0.000811017606207633
0.000770700929546663
0.000827820191316919
0.000794776339368309
0.000815279691790562
0.000805362581414153
0.000819857918299798
0.000765034695759285
0.00081639603310194
0.000760831104370804
0.000789957348604577
0.000838637207702306
0.000819228559244442
0.000798599139018917
0.000772804944383528
0.000812324878983137
0.000789791828140053
0.00076526341725776
0.000801829388764972
0.000784417132560631
0.000749702191381193
0.000771071239084299
0.000773443298623457
0.000782408497259104
0.000782539621956398
0.000767339682886418
0.000756602936939183
0.00074650679665075
0.000784467058284976
0.00075506237113205
0.000767899965351404
0.000778657570778317
0.00074974454903708
0.000738783420902902
0.000784345179436697
0.000762281386895526
0.000772860417366458
0.000787158607678457
0.000724777275324547
0.000749951593055843
0.000755925552529488
0.000711853241241661
0.000720550014647773
0.000753722725086562
0.000745442247026852
0.000745765721699302
0.000731990563718835
0.000768706566788738
0.000748939581420951
0.00072977431238615
0.000730197533275763
0.000702441599282823
0.000758685955246309
0.000729649353739567
0.00074063767997744
0.000737136886525638
0.000697314147503719
0.000707406719024408
0.000708213826268204
0.000734572335925931
0.000730620371403326
0.000726195316039454
0.000711771501571864
0.000690660783353347
0.000715206293762224
0.000718147730762305
0.000746495189051642
0.00069855592528889
0.000707436055826745
0.000719625214532206
0.000750775212723947
0.000742508073158009
0.000681531199952485
0.00071701396520837
0.000717176761642053
0.000716919810823985
0.00071836423652074
0.000713593864026781
0.000719863918520544
0.000684468533574619
0.000664934759893329
0.000699480595939361
0.000697249022306696
0.000700295458998659
0.000713447676039884
0.000687721717441185
0.000694096157439765
0.000705483168740059
0.000665526950886571
0.000688427123405149
0.000654310752401857
0.000691846413269378
0.000710485216813711
0.000700994579077236
0.000680109547657833
0.000678982684782177
0.000699040853336107
0.000674685169748452
0.000707898508027855
0.00067761233037484
0.000699334997787731
0.000670546358887608
0.000640948314245003
0.000636706051219241
0.000652475456446419
0.00067120609462961
0.000689971698807535
0.000667068764519486
0.000658421081151053
0.000697685167466023
0.000642367120899788
0.00069109289212184
0.000652935739589176
0.000668197732197566
0.000671657244219809
0.000618086398866018
0.000664741925412812
0.000640956446760715
0.000664158251904721
0.000624824700276903
0.000641272598802509
0.000638994790856139
0.000660400062607878
0.000630894129401938
0.000627875665600144
0.000632517058828333
0.000658672620244855
0.000609089454268503
0.000657028221935573
0.000661873427977822
0.000632769268965991
0.000635935189115471
0.000644354733090788
0.000653485280808353
0.000604592615128016
0.000640891867206177
0.000620211029126418
0.000613035310920356
0.000588865354170107
0.0006245774665706
0.000597692411030781
0.000617236933668143
0.000615996425518702
0.000610970676492754
0.000613547898616958
0.000626360595470566
0.000596316362892482
0.000641511838772579
0.000617186649752494
0.000628255937308175
0.000607968972754788
0.000604223392694934
0.000638839002732163
0.000596640231685904
0.000608188161725982
0.000586026373583253
0.000606785212697797
0.000616031409349583
0.000599646624400067
0.000592365669484501
0.000598324997679062
0.000573803104518941
0.000588323043196338
0.000596912053402077
0.000599729790398004
0.000607188835678271
0.000602637422145337
0.000593758209957061
0.000584251354929964
0.000602538635788232
0.000604468363013508
0.000619515850696497
0.000595887178836399
0.000593434739537481
0.000595040984409581
0.000574621953636132
0.000588085745872899
0.000600222782951387
0.000611280473934545
0.000589757526585394
0.000587191411764556
0.000590445466700693
0.000608531751766085
0.000611299523428946
0.000592059698060201
0.000596365144259494
0.000602256851180602
0.000594568024948236
0.000578551142263031
0.000573317476165374
0.000572285711821308
0.000559664089741488
0.000581600873234804
0.00059160699697892
0.000568905011339578
0.000602403107491855
0.000595476526729418
0.000547105044035438
0.000594772300732717
0.000598052772236845
0.000585705131095061
0.000563880752844256
0.000586092339243085
0.000574254503188556
0.000598413812655343
0.000626236640947929
0.00056749119081739
0.00058153093684732
0.000573851658317015
0.000585033917068917
0.000574935627344927
0.000567957578790678
0.000549086614832594
0.000566097416113331
0.00056222200924064
0.000577417804043167
0.000557368050867564
0.000554279064225352
0.000560546754105781
0.000561486863432859
0.000576993399480782
0.000579676264817053
0.000563162622872856
0.000579942963925506
0.000564660662882574
0.000585717922564784
0.000591485773756406
0.000587518799582149
0.00055478532739802
0.000564356299603887
0.000543982424233703
0.000578467712620257
0.00055131533627152
0.000589788242149854
0.000573293337702226
0.000565007060268791
0.00054646091840585
0.000541239132417145
0.000557079707211596
0.000555291578129196
0.000550199759224098
0.000563224031891877
0.0005523137536862
0.000555742223544839
0.00053622147323705
0.00055388091976026
0.000591001708696903
0.000566638912565523
0.00055177206655831
0.000523760754731023
0.000551587986155614
0.000550604364478435
0.00056706929937824
0.000562839113761541
0.000526998381899826
0.000511243599876283
0.000571867195515194
0.000542998767870497
0.000551106548851745
0.000528514531178135
0.000542157815038867
0.000567045036367069
0.000573748655496033
0.000544381549031692
0.000550615307641611
0.000569831252794383
0.000546933348768314
0.000538061553232701
0.000548924230566084
0.000546746184186909
0.000554296926802565
0.000527699090866064
0.000525679099394739
0.000557150141717246
0.000515558115880427
0.000541833933536446
0.000549015008676033
0.000525376490099346
0.000533905092578481
0.000531238181484934
0.000540929889233448
0.000533793025429026
0.000527371083529347
0.000529172168621653
0.000510529051250427
0.000504748643565452
0.000533837341636545
0.000561026939203602
0.000516553257790876
0.000501653089904607
0.000537859295231808
0.000502032986835493
0.000557131552510763
0.000493045230857775
0.000524826583029071
0.000499543748132898
0.000521534223872578
0.00049835331093115
0.000537363997751781
0.000516835297240348
0.000516252505920949
0.000512396200008475
0.000530201439018463
0.000515551198296404
0.00051318828713175
0.000519162509973825
0.000498791486430964
0.000538121195461286
0.000509681708919573
0.000522327658745761
0.000493163472568276
0.000489568556260755
0.000518013050340339
0.000509911909591113
0.000521671681349314
0.000527825016690781
0.000489851973434803
0.000500509875255223
0.000498530643388385
0.000502823274972664
0.000514576249727622
0.000501750426011687
0.000503227085853563
0.00053586820375132
0.000494923893500512
0.000495574658210368
0.00050208269334902
0.00049841678160702
0.000521104718944459
0.000495785393777802
0.000524487605159964
0.000495760631782686
0.000512619276116043
0.000510702380485109
0.000504572138265213
0.000486194740540135
0.000513411624035146
0.000487226036795157
0.000490327807767529
0.000506098934264471
0.000504302300713154
0.000491431870302481
0.000476298634435241
0.000503886491798879
0.000457262193433558
0.000479003183737468
0.000491146379583092
0.000493124660480783
0.000498315816283836
0.000464691263006187
0.000478156957607964
0.000506229268263992
0.000502508588629869
0.000486021314922729
0.000498496412185634
0.000495538895946079
0.000490928387450274
0.000485165585607997
0.000486171002183378
0.000483688578856896
0.000486552181205865
0.000446213484486263
0.00048392873237438
0.000482861006785359
0.000490818884434266
0.000470407535175516
0.000471192912768787
0.000495854870333037
0.000472617410239976
0.000460740888257005
0.00047660989070553
0.000478976522091514
0.00048031359700726
0.000485933527279265
0.000494420301314577
0.000477075048693824
0.000496673074896173
0.000474242636969355
0.00045977590778873
0.000470321394100261
0.000458628830419184
0.000455077469790281
0.000478038540630945
0.00048331604799955
0.00046795032188025
0.000480671511625089
0.000492906462087275
0.000458818354455191
0.000458504870224561
0.000459226976219794
0.000464099547494999
0.000450309908235979
0.000486823309402787
0.000454630244486084
0.00045420407194379
0.000474215538300928
0.000451737752174513
0.000458182801610554
0.000454153775656505
0.000486843879759757
0.000457784613155111
0.000463534709689162
0.000477510677033583
0.000447382147324622
0.000441386915845591
0.000460938441942546
0.000452875210691691
0.000452296338418577
0.000490496153479213
0.000437510221739852
0.000458606217784937
0.000469632238087032
0.000448370459589025
0.000455614508746229
0.000448574131067948
0.000436645347235607
0.000430376489683212
0.000476769553253929
0.000432273623403083
0.000458037453020305
0.000441775615923167
0.000462452854211933
0.000440748615448906
0.000421764845728458
0.000454410843134992
0.000444818922151781
0.000444244611720494
0.000454186825190025
0.000454129106150516
0.000458883722603533
0.000427887540362693
0.000465053636067104
0.000415043055793301
0.000441566073853429
0.000444380203138879
0.0004338222968559
0.000461488212680937
0.000458255962114743
0.000447825270762151
0.000436551970525292
0.000439115582535487
0.000461023195004336
0.000413139021365904
0.00041904866489897
0.000451271696190671
0.000447159354418712
0.000417141444204217
0.000424656650585006
0.000426629723261554
0.000401513687833917
0.00043053197946507
0.000437454786914368
0.00043235185713489
0.00042859908681126
0.00044460738037289
0.000430603061482156
0.000425067770668746
0.000452746738745663
0.00042674339252844
0.000417551747388336
0.000414190428525873
0.000406440052277471
0.000433877516133857
0.000429704677659257
0.000428696196469771
0.000436727526405862
0.000395924995253353
0.000439765019556969
0.000430818292569441
0.000435943280940484
0.000404578382135041
0.000445327117326121
0.0004095691797177
0.000423345021205826
0.000401503523997131
0.000400592296894131
0.000412753258677414
0.000399009165405216
0.000407121689205104
0.000419605462083196
0.000417484392980895
0.000421255059705643
0.000409061294680988
0.00041832795515233
0.000407186662858499
0.000407421366625628
0.000422405673155574
0.000414192786749106
0.000409543347547233
0.000396077549380461
0.000386804911515346
0.000419923451027831
0.000400148114097265
0.000396985783302783
0.000387148081567819
0.00040397600841843
0.000408105966521727
0.000432467763559841
0.000389574764995824
0.000409627447021559
0.000404341596362185
0.000402707441992701
0.000379511165851148
0.000404376947139251
0.000402032303272835
0.000374153508876582
0.000410728888835985
0.000389826518463507
0.000431924917325306
0.000398558546881667
0.000387849381226011
0.000387488231317647
0.000400568933766935
0.00039161897395026
0.000388360440571308
0.000375765169792619
0.000391911813323861
0.000406112720602006
0.000395372953855895
0.000404862286979233
0.000384722835683962
0.000406143636983026
0.000397669997830464
0.000387886896222858
0.000370001409128652
0.000378563088780111
0.000401508560073399
0.000383506974435374
0.000375790603836009
0.000364549920405411
0.000406648521144944
0.000360687768572787
0.000385173583992734
0.000378424654430729
0.000391600734434031
0.000371639806283702
0.000388711585258884
0.000388029061589674
0.000386815977840343
0.000386441778983289
0.000387137725830604
0.000377638884943345
0.000390115291694491
0.000382220160351919
0.000386360119979075
0.000367596171541042
0.000377525787960499
0.000375547332214516
0.000380245564650648
0.000380129356613901
0.000364139825504015
0.000380552303987738
0.000398646728416901
0.000381298914107199
0.000363629182769585
0.000373613727385293
0.000382830904186704
0.000391510855035668
0.000379482149997108
0.000351681529365246
0.000378110167317422
0.00036878937550026
0.000363692259431786
0.000378293387741084
0.000384961958434902
0.000361289112061691
0.000375492704248574
0.000361615608969263
0.000355338104714691
0.000353215357668067
0.000351820966418782
0.000354754593999155
0.000372117877631256
0.000343044682520564
0.000363712048031115
0.000357000048573095
0.000358770224942049
0.000358682961206725
0.000360230221794386
0.000352050963832061
0.000349952844242615
0.000367644197033333
0.000355790407591442
0.000358535287640754
0.000365394926245096
0.000343507940843984
0.000350991058585149
0.000342665903943992
0.000354291632984195
0.000354380549795213
0.000346950452058395
0.000349731076101336
0.000364673483792355
0.000333941933391273
0.000345174813794171
0.000355370795743812
0.000352114010713058
0.000335265161435054
0.000350737347559801
0.000351594938671554
0.000356895624866885
0.000340074736866881
0.000353640111568822
0.000355548173277034
0.000349782009945924
0.000360474338401357
0.000362215705449095
0.000336195585466742
0.000331923377037929
0.00033765343544145
0.000353018887462382
0.000347816656077086
0.000342092136403188
0.000353451727274848
0.00034804301388832
0.000340026014254637
0.000351771882203389
0.00034428060137455
0.000355166065346513
0.00032769756694823
0.000351889314693736
0.00034807979156945
0.000335064326934715
0.000341715233070091
0.00033357461754029
0.000342952136383189
0.000341862111307306
0.000328773447510819
0.000332168994474236
0.000337511620684823
0.000306710741702316
0.000328599091999048
0.000316568933339713
0.000320402550019744
0.000336266048453689
0.00031238853376418
0.00034009894879531
0.000322974314164315
0.000333264248245671
0.000315221966255204
0.000298411646159201
0.000338380534683236
0.000333147853680371
0.000308591530576205
0.000331716136732491
0.000318040650118807
0.000314810514232417
0.000334900976448874
0.000317628708233641
0.000301919952798018
0.000315669175977428
0.000323415432649105
0.000305343399893676
0.000313916990577061
0.000312818029294195
0.000323686084096857
0.000322725019965549
0.000312336764184688
0.000310104721092586
0.000325612359023933
0.000310477002550133
0.000306340024275776
0.000311643273472706
0.000329341308418891
0.000313859540079378
0.00032162501037439
0.000310276198021503
0.000309852108704346
0.000321625248025641
0.000326843981489633
0.00031070760302323
0.000321662706014296
0.000304794007845432
0.000302700583152685
0.000315578028310051
0.000308894550659396
0.000313106687139079
0.000301800370988916
0.000301980524346795
0.000299376362721261
0.000306063038299995
0.000306493819716879
0.000300011155079868
0.000308413591638475
0.000288175003138892
0.00030502316538756
0.000307293042592831
0.000308995544090681
0.000296225815708183
0.000295818441683407
0.000299318853397209
0.000275365674518906
0.000285568923659644
0.000308760353002968
0.000297163046647594
0.000306400968538698
0.000287878749449709
0.000305038922456704
0.000305231796677927
0.000287141344217652
0.000304395052605803
0.000286997164854914
0.000303480897597087
0.000298523247266271
0.000294918440065805
0.000293681519557961
0.000304460583976826
0.000295954659643601
0.000291047040920551
0.000278675745288486
0.000275146874453763
0.000296407674057627
0.000287532886812196
0.000271765157032317
0.000319558568218401
0.000291428753573444
0.000290970274719782
0.00028662811163075
0.00029652035423774
0.000279952850795069
0.00029681008174479
0.000283659326747123
0.000278837936940383
0.00029183886154282
0.000286160454365083
0.000286189760332736
0.000284793757416661
0.000296177148537579
0.000285662048537404
0.000289919940001821
0.000294165639559083
0.000281591062988984
0.000288085916304684
0.00028373989906308
0.000290153015236846
0.000271342849165528
0.000289365995680564
0.000271933578638465
0.000277076149110481
0.000280664924033088
0.000291818926695333
0.00027783021229812
0.000272053145099378
0.00027492264488621
0.000276364123218698
0.000278742313501927
0.000290358335009245
0.000276496729119696
0.000284738476632123
0.000270863177528407
0.000273767235809489
0.000269229580728065
0.000279806609587923
0.000276309937814986
0.0002843686467703
0.000276573716400356
0.000250984689848367
0.000275088512403217
0.000279810841099982
0.000271531864282364
0.000272837862272536
0.000257811696098356
0.000283024615511907
0.000273172546760146
0.000265468093467114
0.000274904670299107
0.00028189883070299
0.000269969841669252
0.000276454354182905
0.000263852900473617
0.000259906720032544
0.000266919071889534
0.00026310896757314
0.000272395422785467
0.000279043148868486
0.000264140568070242
0.000267481353073371
0.00026179956912479
0.000252514057831313
0.000260382254798373
0.000266476368827018
0.000259612842593218
0.000253724886785223
0.000261828796020552
0.000266640436729225
0.000265459586479004
0.000259158583312607
0.000273723252779137
0.000252564756130409
0.000256812317550686
0.000255981811318917
0.000255023327353179
0.000252052801885399
0.000251356603147279
0.000254916485306558
0.000250505933516711
0.000253101993705127
0.000266078228534447
0.000247699446637145
0.000256491817236639
0.000247046834289126
0.000260563006383271
0.000265793284067191
0.000258386478674889
0.000255051520630633
0.000264031109817496
0.000265854599908953
0.000257812958311058
0.000246554018311808
0.000252787615245602
0.000244606789292262
0.00024096783959883
0.000249926434628555
0.000252707282495759
0.00024688985282127
0.000246211480000471
0.000240258266815482
0.000238011266378909
0.000242741055579872
0.000242267935078909
0.000252281022389973
0.000236879369141526
0.000247923343335828
0.000233601154397221
0.000248843372035125
0.000243163088342196
0.000239244237240546
0.000238776318910644
0.000244216681244941
0.000242228588970638
0.000228370855912139
0.000242431894422421
0.000243874119238557
0.00023586420509983
0.000237397935466193
0.000236441469934314
0.000235526355344425
0.000230802677253505
0.000233109342687532
0.000250906084846076
0.000254676247014478
0.000234770010106754
0.000232187005956056
0.000234575643012305
0.000234354149309729
0.000227132435521063
0.000234727797936909
0.000246502562186385
0.000246785614981607
0.000235543558128537
0.000238151109000462
0.000222547637143456
0.00023316357081117
0.000235881563794278
0.000249929139589582
0.000227696845651869
0.000229980732788911
0.00023275710301437
0.000225812523870178
0.000234197194498645
0.00022600393933171
0.000214692162935629
0.000220098214070534
0.000219254086734582
0.000232120966985055
0.000216245044781698
0.000224235623217968
0.000220972066927419
0.000225364271454503
0.000221292080959607
0.000219305485554808
0.000221649281061592
0.000219687132832583
0.00022043926081793
0.000232001366557428
0.000208717956871079
0.000222483362955511
0.000225429627996653
0.000208931413971464
0.000215655876617627
0.000211807451244368
0.000217870227694215
0.000213058907842336
0.000215930448407569
0.000214099509630432
0.000215424177756661
0.000221234827911269
0.000209610449662515
0.00021710246235017
0.000213931077322258
0.000211951788430935
0.000198798642481631
0.000220981534330855
0.000209579310861384
0.000202829545351813
0.000223286001950815
0.000212787783185266
0.000204160977123192
0.000204458447940647
0.000210703855685854
0.000215527656227976
0.000199075385208832
0.000216886912814047
0.000211563906767413
0.000204162710574692
0.000213643996114464
0.00018699469927351
0.000217861386935528
0.000199357288551918
0.000197623197081623
0.000204862161233522
0.000199396736293441
0.000194340468878624
0.00021474089650438
0.000200476775174671
0.00020135926611258
0.000204982752490732
0.000210111916161538
0.000202675242676436
0.000196107208410059
0.000206537225581444
0.000195336671499138
0.000198437627750045
0.000206314019269389
0.000195967615581451
0.000204809280368802
0.000202560258957352
0.000191089816247965
0.000201361273879616
0.000206311099095407
0.000197570303103956
0.000200943298267264
0.000189616979887612
0.000184323287063189
0.000185009305667606
0.000196855515722668
0.000201598832460161
0.000194603338209153
0.000192574878678124
0.000183390402506547
0.000185697896926531
0.000201342838032801
0.000187581385849487
0.000192891339950458
0.000193396428919451
0.000193137088962963
0.000184614155637498
0.000194935203922392
0.000191773269762086
0.000197420880411912
0.000185110061071489
0.000191329137172816
0.000195623029550662
0.00019790400177988
0.000180610279237766
0.000191883852086474
0.000188701476255968
0.000190918647078457
0.000185983894782962
0.000188054617401895
0.000182762658433899
0.000184884070317905
0.000189798570944631
0.000184164166246572
0.000196810449145723
0.000187025878876423
0.000175897626297204
0.000186962303003396
0.000190044305849508
0.000182359221052132
0.00017387752137354
0.000175386548672697
0.000189789908714456
0.000169197132081432
0.000188051830749398
0.00018455762584267
0.000178107421399279
0.000180036097614756
0.000164099660160258
0.00017955178536896
0.000174901582333681
0.000178594234893679
0.000174740677030528
0.000178836814159392
0.000169194460406339
0.000171337562318322
0.000177692676921995
0.000179927904241237
0.000176677471476776
0.000173789252021622
0.000168019816402944
0.000160205305029859
0.000169845309532125
0.000166901457149841
0.000168769008111647
0.000174908976597098
0.000165237265697046
0.000167280546905632
0.000176758267369871
0.000170175218836928
0.000163642247207935
0.000162334386971921
0.000167214452304086
0.000181982245283933
0.000175082718889783
0.00016718023309373
0.000167818674716977
0.000167659762188238
0.000159980391951448
0.000166837848000356
0.000173439896116547
0.000158219573684623
0.000164218523219206
0.000173212920363111
0.000165579380840431
0.000172347812909926
0.000171730126065129
0.000159511452261441
0.000158305890028691
0.000163373585972556
0.00016922891028281
0.000169950492597002
0.000167416913637631
0.000165522808416341
0.000163722945918734
0.000161562337620173
0.000164353920988581
0.000156268049558333
0.000160215339958548
0.000164604862608474
0.000160762983675116
0.000157165000926141
0.000143020579972463
0.000157622605250324
0.000155050051680659
0.000157888166153735
0.000159721460407339
0.000155100501002835
0.000159825529234055
0.000152505850077238
0.000157734252622354
0.000159640418997824
0.000150187683301777
0.000157646262809914
0.0001547088470339
0.000153845802219623
0.000158809453885311
0.000156031368245379
0.000152375601731144
0.000153455453385582
0.000155098723804368
0.000149757470253506
0.000151931044950274
0.000155969384165873
0.000149112802935264
0.000160077187591946
0.000146504772115818
0.000144414494057079
0.000148113673526615
0.000157761686148664
0.0001465786887454
0.000146811668337776
0.000152971146155404
0.000151069750434864
0.00015036844571848
0.000154016875443474
0.000150940337899891
0.000140744800930927
0.000148650708547043
0.000148828843692176
0.000146092331034771
0.000145910169781855
0.000157604164043475
0.000146020933742911
0.000132856790218144
0.000129121859963467
0.000137449271672094
0.000138023549947471
0.000143918382909209
0.000137301009749585
0.00013351815510599
0.00013687569863907
0.000129891338651203
0.00013170431365962
0.000139994654910381
0.000137405351920797
0.000132944847481357
0.000125693602566959
0.000133312594226968
0.000131613098804298
0.000123376552052497
0.000141610240493803
0.000137968112192443
0.000126856503278549
0.000134127732125644
0.000131888865171014
0.00012224332438109
0.000130055510866006
0.000135070626870928
0.000130103437728856
0.000133417589644928
0.000135148307809498
0.000128526462000726
0.000129317571496464
0.000124930753368249
0.000118918856515952
0.000127251033812465
0.000130475467191713
0.000117296799886044
0.00012904515634574
0.000132033660752611
0.000120667741726952
0.000122709086552217
0.000133087325560591
0.000124485842869035
0.000126536128837408
0.000122852880657716
0.000117484367416129
0.000121259241983444
0.000117810875209947
0.000118695267874494
0.000119070365856938
0.000125938317120261
0.000128684177018068
0.000119232793546973
0.000122935810469546
0.000122042101865851
0.000120448042066669
0.000119436885445482
0.000123943453220015
0.000115360394976065
0.000122770454064825
0.000118367633560803
0.000118680337951502
0.000117713320984077
0.000126308169909474
0.000118300068549744
0.000116891733355433
0.000117057945361816
0.000111314418218119
0.000115392177067904
0.000122469590176452
0.000124806391375969
0.000116010741499135
0.000122644778930792
0.000115973353484534
0.000116307337563185
0.000110579854700427
0.00013052719956147
0.000115927569043558
0.00010720431455724
0.00011407439790592
0.000115074201478618
0.000122057385512183
0.00011505661146845
0.00011747344567612
0.000117953942382542
0.00011793644783257
0.000119965941168186
0.000103656644135564
0.000109575540884347
0.000115004997168485
0.000118187478838555
0.000104004301114282
0.000114409333994844
0.000104796933884014
0.000107745563676772
0.000108446690864901
0.000103117617408156
0.000114457492091362
0.000107260016632908
0.000110115618301289
0.000104664477487233
0.000111859080936779
0.000113602403914754
0.000106539199449042
0.000112250823112887
0.000108083586160455
0.000108161296571197
0.00010919758426144
0.000109995793558581
0.000104232201359066
0.000106146249290802
9.9808986724579E-05
0.000100215316049936
0.000111520963303063
0.000102970798045102
0.000102947170888463
9.87016857874717E-05
0.000106811758061786
0.000107315547865234
9.87403749924238E-05
0.000102409205452552
0.00010986250065531
0.000107768167264195
0.000105650044676968
0.000115740058279607
0.000100024213992157
0.000102392598201903
0.000102374463712003
0.000105110863492419
9.7358237548043E-05
0.000100176941110834
0.000108676130740878
0.0001015029533116
0.000100149089653514
0.000100922080956997
9.85707781379536E-05
0.000101754430833963
0.000101716468835465
0.000107956949346707
9.35104600883941E-05
0.000106243545012288
9.90941843380429E-05
0.000105534085017604
0.00010063543222493
0.000100702226858469
0.000108361417187176
0.000100296072460827
9.80975948391206E-05
9.65885175361785E-05
9.38701623970945E-05
9.29967144109036E-05
9.23344185599661E-05
0.000100835114673199
9.65839162081528E-05
9.06531435751902E-05
0.000103140650620753
9.51308682672396E-05
9.70241259414701E-05
8.89999703782169E-05
9.8585263170632E-05
9.44689684316942E-05
9.70916458006408E-05
9.98658511329974E-05
9.53799621505084E-05
9.34695456291587E-05
9.5915637340792E-05
8.94295213276062E-05
9.83066180243045E-05
0.000101018666389937
9.88988971500729E-05
8.69046135609425E-05
8.8168510352536E-05
9.05661200422449E-05
9.51665206247792E-05
9.13613710927336E-05
8.92515249421345E-05
9.19121126668849E-05
9.11707352479235E-05
9.24224242910938E-05
9.41313336105391E-05
9.05489449489148E-05
9.10366250281141E-05
8.72643325340467E-05
8.78292851944823E-05
9.15507132843457E-05
8.39528192007424E-05
8.65638191542587E-05
8.74961175678497E-05
9.33782257141914E-05
9.57464627303267E-05
9.03457279680727E-05
8.61781825738854E-05
8.69214419837887E-05
8.64247493956442E-05
8.88278889031191E-05
8.8748892894032E-05
9.36342973452157E-05
8.60554941902222E-05
8.70363867651018E-05
8.87523685131077E-05
8.25739410377676E-05
8.20584823970242E-05
8.9214864058432E-05
8.35636645632948E-05
8.70029430592315E-05
8.68992204569941E-05
8.33823457306647E-05
9.02006103396329E-05
8.89243779392667E-05
8.37146500226249E-05
8.4697449467793E-05
8.07725430703013E-05
8.25980559970703E-05
8.87074927659941E-05
8.4229489484562E-05
8.36827225849824E-05
8.32126352781587E-05
7.90067211887473E-05
7.71771155537949E-05
7.77946426568004E-05
8.37580464853246E-05
8.17224853168472E-05
8.63969030951609E-05
8.65892571437402E-05
8.20305872961548E-05
7.71518980056129E-05
8.27835029014036E-05
7.99364636804365E-05
7.50118473339332E-05
8.71705766307679E-05
8.31452784310297E-05
7.53903886485615E-05
7.9293723836734E-05
8.12929468084748E-05
7.74535708969201E-05
7.66862215359025E-05
7.68995892835525E-05
7.30437030820223E-05
8.07352788764182E-05
7.39960519873882E-05
8.29954166075884E-05
7.52828654855332E-05
7.64183120692732E-05
8.15110328927656E-05
7.64295935475558E-05
7.65734042469221E-05
7.6812558852511E-05
7.1214103477028E-05
7.4783146867983E-05
8.15735113563421E-05
7.91536409986827E-05
7.41463980962477E-05
7.08643587060019E-05
7.99178443684616E-05
6.86940056919137E-05
7.20047783319793E-05
7.26416650456453E-05
7.17312908539957E-05
7.41402267751953E-05
7.63532606893729E-05
6.48090189973625E-05
7.42667479407723E-05
7.04674244741276E-05
7.70050788465754E-05
7.71785214227969E-05
7.07409474771943E-05
7.78997669362458E-05
7.74047005654757E-05
6.84714328949552E-05
7.13411442459947E-05
7.41851436500964E-05
6.74135677245719E-05
6.84245517885181E-05
6.95396446560028E-05
6.67450465539627E-05
7.41468629003765E-05
7.48724258816856E-05
7.01572915925692E-05
7.12984601080792E-05
6.68512851025402E-05
6.73678909955305E-05
6.38851244350431E-05
6.91505757302087E-05
6.88478264103248E-05
6.41269666674424E-05
6.33481282414803E-05
6.39165052668105E-05
6.75269777613525E-05
7.65193787032915E-05
6.72130096631526E-05
6.77333245881032E-05
6.4306194770292E-05
7.06705697980028E-05
6.5547406163495E-05
6.60816413487956E-05
5.91355823041779E-05
6.54754366855404E-05
6.34637937486792E-05
5.81980849498384E-05
7.01395646276779E-05
6.22156720206061E-05
6.5814126596746E-05
7.35518308576121E-05
6.98953765613186E-05
6.59597699789263E-05
6.63522946326674E-05
6.41540270812913E-05
6.27345929587779E-05
6.26227162736352E-05
6.2082551528506E-05
5.94938643630632E-05
6.4746130644137E-05
6.031420386244E-05
6.28607671737472E-05
5.90523917462726E-05
5.73725006501256E-05
5.50907232997313E-05
5.77564016709908E-05
6.52121929449522E-05
5.86588839301407E-05
5.95280854636827E-05
5.70417748875701E-05
6.26821228399646E-05
5.61694303070955E-05
6.16253872565803E-05
5.26015721716238E-05
5.39530056051659E-05
5.01344165763567E-05
5.3402587424853E-05
5.29876055462269E-05
5.97665278344089E-05
5.64874696725576E-05
5.54595865927013E-05
5.09655732941529E-05
5.27281035139012E-05
4.99001971296004E-05
5.19569344105931E-05
5.29950655507697E-05
5.40232140289836E-05
5.26754493508916E-05
5.47426076386466E-05
4.82831568043929E-05
5.4077929419473E-05
4.87517627451058E-05
4.77301740025449E-05
5.0926502619062E-05
5.0449133722994E-05
5.31181238052855E-05
5.06096886016693E-05
4.70962081846738E-05
4.7202511657137E-05
5.25441264510338E-05
5.02741443801662E-05
4.79234758547473E-05
4.85716328901462E-05
4.55014779887691E-05
4.36918658883714E-05
4.60934851289046E-05
4.37385646931903E-05
4.86283226469036E-05
4.8039714401615E-05
4.67147736112463E-05
4.76762126325081E-05
4.92115496862436E-05
4.73298443144031E-05
4.27010049800867E-05
4.13245488743184E-05
4.60466859020965E-05
4.72046444356727E-05
4.09134413418384E-05
4.24166175763773E-05
4.14801915485519E-05
4.3434322847525E-05
4.33431855879846E-05
4.48455054522058E-05
4.36784791189134E-05
4.37815856701192E-05
4.35014747868662E-05
4.41455507323542E-05
4.62671750902362E-05
4.04945875301051E-05
3.92225667080169E-05
4.21232366088359E-05
4.49464248751729E-05
4.13966499455768E-05
4.00637664364175E-05
4.04580186324369E-05
3.70388867615292E-05
3.99959261960125E-05
4.08415481528215E-05
3.92924389088083E-05
4.10388321206972E-05
3.80326095791711E-05
3.89422046832353E-05
3.78441230967767E-05
3.72491849418124E-05
3.83647582530746E-05
3.79110299519924E-05
3.48826975500776E-05
4.00159140164398E-05
4.05821685028943E-05
3.84198646809168E-05
4.10261296372519E-05
4.03652996610659E-05
4.18181308920018E-05
3.9723039738024E-05
3.88625378970188E-05
3.56023458259634E-05
3.53068842357038E-05
3.22443146061689E-05
3.75229739650438E-05
3.67649795294906E-05
3.47663426084479E-05
3.63865143809111E-05
3.81282535557788E-05
3.46623487417818E-05
3.66393284918896E-05
3.62031259804961E-05
3.59314860948179E-05
3.73550080185273E-05
4.38681768506253E-05
3.54598767739526E-05
3.25469536937299E-05
3.34667514252074E-05
3.8967718979135E-05
3.22603801175272E-05
3.68677205539163E-05
3.4308747082881E-05
3.09599471198336E-05
3.27373777602116E-05
3.34401060088802E-05
3.60078585018E-05
3.64040788170976E-05
3.09764998380261E-05
3.42246582737371E-05
3.13645978054463E-05
3.45416255861734E-05
3.10268870651151E-05
3.36991382786561E-05
3.24860498341709E-05
2.77661228442112E-05
2.87444138550743E-05
3.2345998129189E-05
3.22828571403807E-05
3.12054002863605E-05
2.7741020926049E-05
3.14083992310145E-05
3.08226550012528E-05
3.55799037820472E-05
2.86557093064542E-05
3.30003326442317E-05
3.12069567898448E-05
3.45177531184718E-05
2.66315990861535E-05
2.9405721775561E-05
3.02735739836725E-05
2.88730900532425E-05
3.30425278162866E-05
3.57644900532673E-05
2.82801457839341E-05
2.95585909706647E-05
3.16882730701108E-05
2.97619795433983E-05
2.80956447508634E-05
2.69726126835729E-05
3.00566734778485E-05
2.68872528668861E-05
2.64362609553039E-05
2.83701304305048E-05
2.84463884265624E-05
3.1437262548314E-05
3.15358349161422E-05
2.817496607821E-05
2.70964297242627E-05
2.73953783932547E-05
2.69233230696193E-05
2.52603136122442E-05
2.55226038143389E-05
2.57542542006711E-05
2.55305085496121E-05
2.60382831058202E-05
2.52975850311822E-05
2.59482673004546E-05
2.69090973794671E-05
2.86882092653536E-05
2.8841750855109E-05
2.61273804139206E-05
2.65174843479949E-05
2.50639102066073E-05
2.61755042381267E-05
2.56642876031394E-05
2.70699632855456E-05
2.78692416021304E-05
2.60008971308439E-05
2.66711430327259E-05
2.500825635735E-05
2.19993996908708E-05
2.9580430145221E-05
2.24567534894038E-05
2.39903688145624E-05
2.36050854735321E-05
2.6585084469815E-05
2.70122252993667E-05
2.02724667157475E-05
2.4704790687706E-05
2.2590620955573E-05
2.50640826131231E-05
2.12783450852801E-05
2.73277338189058E-05
2.17803491771372E-05
2.20794161766217E-05
2.41094325973018E-05
2.58417116958557E-05
2.11219589396973E-05
2.27647638839539E-05
2.10627462435869E-05
2.36704784198266E-05
2.35977731073955E-05
2.42484467362969E-05
2.46075086509492E-05
2.08928530425663E-05
2.23691680717484E-05
2.31621689650662E-05
2.06238098060467E-05
2.45100868940927E-05
2.3154392019851E-05
2.0781723277514E-05
2.30652144925217E-05
2.37931010476918E-05
2.27802737362346E-05
2.10170603143747E-05
2.26278391857463E-05
2.09108026533925E-05
2.2642870068736E-05
2.09408877993024E-05
2.03320656960972E-05
1.90806271700569E-05
1.80362199669497E-05
2.484692643071E-05
2.38351169667402E-05
1.89026512037343E-05
2.10859560013032E-05
2.14457175941967E-05
1.98367603953273E-05
2.10744536795482E-05
1.6510851413892E-05
2.05509166294863E-05
1.83503062286529E-05
2.12780295593363E-05
1.99696168476203E-05
2.01368059956878E-05
2.10820400488346E-05
1.62819797760783E-05
1.49137507365685E-05
1.86711237835237E-05
2.27871267676942E-05
1.86093188473062E-05
1.72284465971453E-05
1.58721959469521E-05
1.81128656555768E-05
2.19179732171072E-05
1.96341696142115E-05
1.38449668140034E-05
1.02031504281462E-05
1.14750899577613E-05
1.11483844887238E-05
1.29637783132734E-05
9.55873781144536E-06
1.09551302740979E-05
8.10459591151073E-06
9.82276979522334E-06
1.27630086881716E-05
9.38825027800618E-06
1.19205960554941E-05
1.11755160087676E-05
1.18860636508153E-05
1.17773302013329E-05
1.26930831465303E-05
1.33617547724897E-05
1.02249088249984E-05
1.10080738839269E-05
1.05790585868111E-05
9.92050455552428E-06
1.0978351084808E-05
1.1141242374381E-05
1.00069948637605E-05
1.17651988794375E-05
1.03777098397352E-05
9.76380554876815E-06
8.12547682489401E-06
9.56860639636896E-06
9.23916249232787E-06
9.23535729668973E-06
8.885859516503E-06
7.75543578320601E-06
1.01389414456431E-05
1.05155453383307E-05
1.05215337932441E-05
1.07011957265982E-05
5.78316113263178E-06
1.01497968891124E-05
7.68490116685953E-06
7.95217686187132E-06
1.08022207636925E-05
8.65968215116311E-06
1.03706602455603E-05
7.66897723454108E-06
9.12435406937422E-06
8.86266061655559E-06
8.56820612869541E-06
9.69519050936313E-06
7.30254636447545E-06
9.53195024084009E-06
9.62934733750592E-06
7.84293320728071E-06
8.89818343289564E-06
9.01264602722535E-06
6.52122229930392E-06
9.13024606125188E-06
9.37034077719898E-06
8.87885863329813E-06
8.78290799889294E-06
7.57242047948458E-06
7.3052198901666E-06
6.94628924294456E-06
8.07607245531484E-06
8.02043859257759E-06
8.74802204978978E-06
6.90953455236339E-06
9.38755634403047E-06
7.89140692949345E-06
8.6703751720531E-06
8.7193163970563E-06
6.95656420236857E-06
6.67558520093883E-06
7.60271827677058E-06
5.99728036119038E-06
7.99850074425361E-06
1.0016604650656E-05
8.5852287881405E-06
7.95785331578619E-06
9.42654838838761E-06
8.36824532650207E-06
7.80373506994152E-06
7.33683680439941E-06
8.16221158569774E-06
7.6194704880621E-06
7.14152310238848E-06
7.26694840396965E-06
7.65726367021383E-06
5.50324683938905E-06
6.7043602305583E-06
7.49970127824812E-06
6.39432056584337E-06
5.90631986019047E-06
7.8537514823125E-06
5.88251311296332E-06
8.10745437385785E-06
6.10421048116531E-06
4.78159152636296E-06
7.00374627518839E-06
7.09701127440994E-06
8.33250457114237E-06
6.11414381126698E-06
6.80726478710388E-06
5.14164915536492E-06
6.70340130304671E-06
7.96263926774022E-06
5.69255993157614E-06
6.68795187692627E-06
7.49711927155919E-06
6.12522927417613E-06
5.97085106833606E-06
5.37582812650926E-06
6.63170699869654E-06
6.8928519800234E-06
7.8127378266917E-06
5.75046560099631E-06
7.07446224155457E-06
5.9383215123412E-06
5.78683656617356E-06
5.3478424831614E-06
5.11751468894786E-06
4.92285464747311E-06
5.04017262361744E-06
3.87998974665956E-06
4.93622579993688E-06
5.8652342698775E-06
6.6489176419217E-06
5.88446306807022E-06
7.70184778161017E-06
5.62848588728704E-06
6.47413350208481E-06
6.52893154287977E-06
6.1221950916822E-06
4.48730421998168E-06
4.68433038989143E-06
4.57645605910372E-06
6.04971127605413E-06
4.03196565177528E-06
4.22419157530107E-06
6.1909218953693E-06
6.47147919764846E-06
5.54575528290135E-06
6.06373545210068E-06
6.7783109496194E-06
5.17607294409976E-06
4.5573859206518E-06
4.7280244435611E-06
5.38247776073306E-06
4.40945119666868E-06
5.38411258678093E-06
3.94595257347354E-06
3.22335578105373E-06
5.22782133582786E-06
5.1346800156464E-06
5.70155979261529E-06
5.71426542341802E-06
4.93714411136545E-06
3.91206205013397E-06
4.89383744710853E-06
6.27898381513406E-06
4.62757134514284E-06
4.84585194025877E-06
4.84692840400477E-06
4.1619445808057E-06
4.2033453590073E-06
4.13184320349799E-06
4.8659967337682E-06
4.49877878703867E-06
3.74851419705233E-06
4.22313028911752E-06
3.95253095612699E-06
4.9768655523626E-06
5.03367000811023E-06
4.45030836835399E-06
3.62305395706327E-06
5.28855138011298E-06
5.26451529397155E-06
5.04132847302354E-06
5.47805260057922E-06
4.7429510660756E-06
3.61620503843885E-06
5.15991683903456E-06
4.09309840784098E-06
3.69231522953031E-06
4.76453770320894E-06
3.30407839088861E-06
5.38291789861282E-06
4.54690648295968E-06
3.93248405036587E-06
4.58559563736618E-06
3.30168100101163E-06
4.60948108895756E-06
4.82411805399953E-06
3.68566309620814E-06
4.04355456520653E-06
4.1988306675183E-06
5.02060252113645E-06
4.54265456870989E-06
5.03758168005361E-06
4.50622847369166E-06
3.63761036808724E-06
2.63104371059827E-06
4.23049275976326E-06
4.54913942072697E-06
4.4006431794443E-06
3.33316408741129E-06
4.1296241659442E-06
3.79477490110098E-06
4.44257145478594E-06
4.96603926588293E-06
3.58416357072974E-06
2.56980993123599E-06
3.27453329984113E-06
4.10414295998339E-06
2.89826219994054E-06
4.04134984346815E-06
4.25667728202801E-06
3.19078152649204E-06
3.13645409113842E-06
3.14556269274458E-06
3.54759601672002E-06
3.06736080899524E-06
3.66600209061416E-06
3.57889697598342E-06
3.15768012202483E-06
3.71154695868953E-06
3.03202835828467E-06
2.90313434245056E-06
4.18362978926454E-06
2.6655329044297E-06
4.26085309284694E-06
2.95616007331231E-06
3.19630104050558E-06
4.03869243962312E-06
2.97981052746323E-06
3.30662591823751E-06
2.45556738521548E-06
3.53024119337182E-06
3.28898938015981E-06
3.70572182704178E-06
3.10089072036366E-06
2.84797181328812E-06
3.58877575684423E-06
3.12757176701191E-06
4.55283305268861E-06
2.63985525720697E-06
2.46517478258185E-06
3.22628417728219E-06
2.41540224147277E-06
2.82202105341443E-06
4.01776494870072E-06
2.90604171084433E-06
2.70298631633557E-06
3.04170738687866E-06
3.2853067623359E-06
2.28414261922642E-06
1.99050044076815E-06
2.66104785487004E-06
2.93515724212519E-06
2.98382799224788E-06
2.40316577872097E-06
3.89916623728866E-06
2.62619479038212E-06
3.07839294990585E-06
2.20957433144235E-06
3.19215867711788E-06
4.17332465421908E-06
2.58937260039445E-06
2.3435796011359E-06
2.62654872745439E-06
3.65201305533168E-06
1.43953241510584E-06
3.06449231623843E-06
3.46496752289304E-06
1.01183400767758E-06
3.30016511663444E-06
3.14710597485419E-06
2.17420614919772E-06
2.98411790920098E-06
2.66445342313597E-06
1.47342757091584E-06
2.81833392726671E-06
2.47957116871091E-06
1.49877764908611E-06
2.63073119631699E-06
1.92001373343284E-06
2.48162979653498E-06
3.12743224378744E-06
2.22091787990759E-06
2.33619247635698E-06
1.89580432073623E-06
3.04151719641527E-06
2.88062266073098E-06
3.48811000188617E-06
2.37981869672533E-06
2.09616013468584E-06
2.15581674570171E-06
3.78069989704113E-06
2.16027016360689E-06
2.69452795200215E-06
2.4939110427379E-06
2.19502128071704E-06
2.25514756005372E-06
2.80440544465983E-06
2.33480197130302E-06
1.56807630050901E-06
1.83860881209242E-06
2.16255506754866E-06
2.65069849991586E-06
2.39007805015358E-06
2.50652344024152E-06
2.83254657512215E-06
1.49438271023835E-06
2.02585110474142E-06
1.90021076415536E-06
1.87851477128618E-06
2.27962280145665E-06
1.96599488221794E-06
1.72585083522268E-06
2.46821423958982E-06
2.20375008525025E-06
3.20044024971235E-06
1.69863604038992E-06
9.95946817880129E-07
1.8821040745626E-06
2.21473135276176E-06
2.46886371101772E-06
1.7666551919113E-06
1.47089825044285E-06
1.94544012525525E-06
1.3722209067587E-06
2.22098381590833E-06
1.70220935570077E-06
1.83711502908371E-06
1.58634348449505E-06
1.56822934882837E-06
2.70244250192974E-06
1.30140317786674E-06
2.17789185418819E-06
1.02446807811871E-06
2.13567802904708E-06
1.83203834437348E-06
2.07865980716888E-06
1.56844198715875E-06
2.12519335478309E-06
1.75059575305362E-06
2.16495667194558E-06
2.21759656274322E-06
1.6106341909047E-06
2.243920431384E-06
1.44459875292434E-06
1.5335923137173E-06
1.16526043532604E-06
9.20356864671781E-07
1.15371287680534E-06
1.73561273067643E-06
1.36535540859595E-06
1.09179659699617E-06
1.65580874506923E-06
1.69813478205975E-06
1.24748427558151E-06
1.10922905212035E-06
1.27530056836016E-06
8.93803452986355E-07
1.32566857824389E-06
2.78741577072116E-06
2.32277686539682E-06
1.26182377817725E-06
1.29703623148901E-06
1.4650958374925E-06
1.62265090565009E-06
5.97319692930966E-07
1.3644930636092E-06
1.31931615455868E-06
1.73721167752673E-06
1.57586848780923E-06
1.94577801016893E-06
2.0203042397225E-06
2.26278025309064E-06
1.64483107478969E-06
1.78023646210803E-06
9.68003562429152E-07
1.89640548281582E-06
1.76807151141399E-06
9.31085392890716E-07
1.21083257066175E-06
7.88469221617367E-07
1.29416047619196E-06
1.29890521552247E-06
6.42791689489433E-07
1.35722436635677E-06
9.63625053116703E-07
1.52881473480457E-06
1.87509871819172E-06
1.83024249763349E-06
8.74563767283886E-07
1.64546207816205E-06
1.3265979635344E-06
1.21518959247173E-06
6.0232047956541E-07
7.8016929611031E-07
1.51682409457773E-06
9.36352292588225E-07
1.95845790465279E-06
1.30222162235819E-06
1.63891587799072E-06
9.82842003261792E-07
1.64957213352096E-06
7.72010672691364E-07
1.36449723926917E-06
1.83196012237042E-06
6.76634532809596E-07
1.031278878156E-06
9.36738254802472E-07
1.53706741042362E-06
1.31137474333069E-06
1.28650212340082E-06
2.06382178729962E-06
8.0647922317662E-07
1.25245627734385E-06
1.13788482522274E-06
1.09847655771335E-06
1.17070709572852E-06
1.15039514889305E-06
1.59489810410902E-06
7.04055774211514E-07
9.76341890756287E-07
8.21847965596694E-07
9.87971893068E-07
7.14316721456863E-07
5.38485914095991E-07
9.33595156420325E-07
1.30250962611782E-06
1.3217133422999E-06
8.44363983215092E-07
6.85864749516355E-07
9.15678213464538E-07
1.29826639358839E-06
1.41781186073741E-06
8.28409375858794E-07
1.80111850056733E-06
1.56713152734264E-06
1.27095801183962E-06
1.00983582218799E-06
1.16614556982127E-06
7.60948882064869E-07
1.03837077759943E-06
6.54428799022596E-07
8.88370594892917E-07
8.39872509217304E-07
6.80035506161806E-07
1.4224419214551E-06
6.5559739471282E-07
7.83592993500684E-07
6.74516416120996E-07
7.4742833168119E-07
4.81418603318405E-07
5.74200035020887E-07
1.45366702887665E-06
2.66820260319637E-07
5.6763037292929E-07
8.61916015930891E-07
6.09340821867807E-07
1.44234605589134E-06
4.37308446434013E-07
3.10295725438197E-07
9.88435731727614E-07
3.60174364387485E-07
8.44342941523807E-07
6.51135254278862E-07
3.9140070391873E-07
1.40523084790827E-06
1.25210804115084E-06
1.00156797938229E-06
2.61283061673464E-07
5.17090934518018E-07
3.35942446890731E-07
9.95569290457974E-07
1.011387125476E-06
3.81259083320613E-07
4.92144156138467E-07
7.40100390401569E-07
1.00053245498442E-06
6.48802887566783E-07
5.30649444638182E-07
5.9077357875082E-07
6.37160988271635E-07
7.21373013705269E-07
3.17759085252914E-07
9.16134560573375E-07
9.28110217261586E-07
5.42355307914938E-07
5.31782604746991E-07
7.31890963275042E-07
3.2406905450363E-07
7.19516885550878E-07
1.01522234664099E-06
8.68490128689941E-07
8.14445838494182E-07
6.022400539608E-07
5.03250367025831E-07
1.87051245710957E-07
2.4000285972915E-07
4.60449572287503E-07
4.97832924368026E-07
7.38252921127054E-07
8.52318682166074E-07
7.11224969560825E-07
6.79245315417453E-07
1.93822941555681E-07
2.41653533990863E-07
3.63617355911043E-07
2.14804645541551E-07
0
3.46539886765203E-07
1.86284901815294E-07
2.29237180838173E-07
1.86188211375788E-07
0
3.43321293497384E-07
2.87177612176717E-07
3.47617385242215E-07
1.02942240690738E-06
6.89869350984177E-07
5.91491791382247E-07
1.12998159444702E-06
1.85667217679732E-07
6.46112049641173E-07
2.7437657608887E-07
4.66860952405317E-07
3.63982283312226E-07
1.85361348090979E-07
3.46267790177683E-07
1.85273712384939E-07
6.82706414413697E-07
1.85131449761819E-07
4.25859105250075E-07
0
1.84969078944571E-07
2.2604981477107E-07
3.21587175317091E-07
5.76709549624608E-07
1.84768971318051E-07
4.34006522338224E-07
1.84642882842882E-07
3.06896659388992E-07
2.3071566293717E-07
6.79293141052058E-07
2.53952486620572E-07
4.8020000263099E-07
2.26376431762401E-07
1.84291892447442E-07
1.84243775764785E-07
5.35009148216889E-07
0
5.23343967098328E-07
1.83990426257261E-07
3.514033599446E-07
3.49487372791749E-07
1.83813621452085E-07
3.8587444108992E-07
2.6295722922834E-07
1.83698614086665E-07
2.56834198588539E-07
1.83202851547501E-07
4.17232239284436E-07
0
1.40142430593657E-07
3.61986329434114E-07
2.29104421661227E-07
2.29068367214607E-07
1.83187160048121E-07
5.89692623220517E-07
2.92336562635366E-07
8.5721191166945E-07
1.82941189314396E-07
3.28366364636638E-07
3.85293761941049E-07
0
1.82774460050058E-07
0
0
0
2.4067421699052E-07
2.93078486706392E-07
4.78378014727849E-07
0
0
1.82255534920174E-07
2.27765320697977E-07
1.82148862731677E-07
0
3.27722403567717E-07
1.81995681295615E-07
4.01161311901962E-07
5.12763281847213E-07
1.81815299261848E-07
3.75815615934531E-07
1.81724919445188E-07
1.81679360144451E-07
1.81628370705235E-07
1.81574874466296E-07
4.11482348121175E-07
0
3.37018418106379E-07
0
0
2.2655533948315E-07
1.81179594580608E-07
3.19280577750888E-07
3.65569602124125E-07
5.56536847994111E-07
3.56644567805302E-07
3.23002423880502E-07
0
0
0
0
5.1889773353561E-07
8.17499762455982E-08
1.80537626569348E-07
0
0
0
0
0
1.8024786390269E-07
0
4.45641909843477E-07
1.80059438383111E-07
0
1.79980748455152E-07
1.7994696374474E-07
4.35436549189754E-07
1.79841062045436E-07
1.79764932548588E-07
1.79736691506443E-07
1.79653235620325E-07
1.79616185334754E-07
1.79556927596475E-07
5.60796153149713E-07
1.79458428662102E-07
3.75091622700698E-07
0
2.18847272686659E-07
1.79226861869215E-07
3.54382917365249E-07
1.79148196488674E-07
2.23866528171668E-07
5.18881449912368E-07
2.94617912129415E-07
2.88812896068082E-07
0
0
0
1.78746387608775E-07
2.97273000046525E-07
2.23390804586134E-07
0
1.78514723222162E-07
1.78470152590739E-07
1.78434838932211E-07
1.78373744626748E-07
2.52687349446338E-07
1.78242882051923E-07
0
4.68615310789734E-07
1.78101935692388E-07
0
0
3.83107352788686E-07
0
1.77865429692906E-07
1.77823764546564E-07
1.77745980808162E-07
0
0
0
0
0
3.20591651383756E-07
1.7738564052004E-07
1.7736152818877E-07
0
0
2.21513234955277E-07
1.77131522233937E-07
4.26796369000241E-07
1.77056817689526E-07
1.76966981636372E-07
0
1.76883623583657E-07
0
1.76801507244158E-07
3.52627531065372E-07
1.76680105989753E-07
0
0
0
0
0
3.47779795395388E-07
