0
0
0
0
0
0
0
0
0
0
0
0
0
0
0
0.217893884281137
0
0
0
0
0
0
0
0
0
0
0
0
0
0
0
0
0
0
0
0
0
0
0
0
0
0
0
0
0
0
0
0
0
0
0
0
0
0
0
0
0
0
0
0
0
0
0
0
0
0
0
0
0
0
0
0
0
0
0
0
0
0
0
0
0
0
0
0
0
0
0
0
0
0
0
0
0
0
0
0
0
0
0
0
0
0
0
0
0
0
0
0
0
0
0
0
0
0
0
0
0
0
0
0
0
0
0
0
0
0
0
0
0
0
0
0
0
0
0
0
0
0.000224254892220685
0.000626974407478109
0.00088721032300367
0.00106209395270311
0.0012018937888342
0.00134494484973502
0.00154732134763535
0.00133528242248322
0.00145858197821074
0.00160903569708698
0.00161867289654454
0.00156214523362812
0.00150577676853179
0.00171780857993994
0.00174400353725848
0.00167713696831499
0.00171851514034337
0.0017920921406921
0.00182266404657712
0.00181200111278011
0.00171320991772681
0.00179806348714249
0.00196461255792606
0.0019862672758399
0.00181810946423593
0.00179262398671366
0.00184582676347563
0.00185732218806154
0.00187811249584536
0.00181435206727824
0.00193918629348419
0.00189498020036422
0.00194532937046003
0.00182159637937276
0.00182430465561244
0.00171452996115278
0.0018717760141129
0.00186153486255197
0.00197013200982019
0.00190764780044023
0.0019150149016632
0.00193014490132109
0.0017168381603817
0.00182490228971739
0.00179562465449153
0.00191104017143907
0.00175334668828791
0.00173867058062255
0.00179159804402189
0.0019034096768389
0.00197053333899281
0.00174475700357431
0.00187725530875613
0.00188892064467186
0.00174401789017898
0.00172376034077535
0.00193446172632689
0.0018950169377804
0.00176128757081164
0.00185097200943669
0.00169178349375615
0.00180694257351108
0.00173736158723576
0.00183698025035398
0.00185829783505386
0.00177953602243632
0.00178427835935577
0.00184959877323254
0.00183798608086084
0.00172463223416771
0.00167979103579319
0.00168262415177549
0.00180837486860052
0.00171263206731332
0.00185609534939348
0.00182250446248693
0.00170837500547306
0.00168455048405372
0.00178531141457725
0.0017882401549944
0.00184129767031238
0.00185710395189375
0.00160230595204532
0.00173667270769917
0.00176910094855396
0.00190578222130147
0.00204308984606013
0.0022116659578065
0.00206658216998453
0.00217055492340374
0.00226848373883609
0.00229984669151409
0.0025194979185124
0.00243711237340614
0.00243190083690496
0.00261792185031256
0.00252481411840038
0.00234203308169534
0.00221544822965316
0.00210178111892809
0.00230804828999982
0.00218975542139612
0.00226470829715
0.00224941600561324
0.00223960040021861
0.00226262845711053
0.00213741300788395
0.00223195754003548
0.00227616853521758
0.00231901727760075
0.00246949778700519
0.00222113824874706
0.00239293286322457
0.00235169305802159
0.00239449422807216
0.00253632075180786
0.00257168114067018
0.00256715356089668
0.0022841917774657
0.00269224781767592
0.002461799437258
0.00263360368890979
0.00263654950648825
0.00252021242555464
0.00258796658839365
0.00266182414298408
0.00278003349349313
0.0026599655754563
0.00249952543270767
0.00276073909245555
0.00272573415119155
0.0024758659762779
0.00275458783823927
0.00265826752211178
0.00264699969556551
0.00265313047990157
0.00280062997814709
0.00267495070802883
0.0027587076151014
0.00287062941586092
0.0026289218593088
0.00276494879323724
0.00277333316283688
0.00277996444741423
0.00287643388969089
0.00298142276881301
0.00294924752034318
0.00263044872210519
0.00273590100366503
0.00285153995155949
0.00282946992314401
0.00294333545808389
0.00275685877423877
0.00297464364601009
0.00297679653196242
0.0030223547136871
0.00294694455597717
0.0030280087684873
0.00289754618476156
0.0030175765940973
0.00300394074305585
0.00298189031011158
0.00298646177531754
0.00297274522373542
0.00314963333357855
0.00314803965287898
0.00296542768521818
0.00312419423567063
0.00301570380428032
0.00317954118995913
0.0030966940759492
0.0031736985787709
0.0031499527785158
0.00322743080803601
0.00313527989883144
0.00307577681860151
0.00319396424347507
0.00320952437341488
0.00298570184706777
0.00330087165310181
0.00309576320085501
0.00320646484029698
0.00298193676245952
0.00305701848550092
0.00320952187855327
0.00306528695582741
0.00300904209441136
0.0029284535024075
0.00296979509809182
0.00287904694164151
0.00297558778009779
0.00290691686983551
0.00291914014700047
0.00303252227266261
0.00291041994441152
0.00300396591292776
0.00286370903011977
0.00281810032667713
0.00279537823213325
0.00286424715957172
0.00284360793935302
0.00277861371865657
0.00288855818995738
0.00271287370343519
0.00276620110865258
0.00269623372515887
0.0027285978791595
0.00282376861546934
0.00270972476358533
0.0026702962082014
0.00270625845639024
0.00269117915375933
0.00274884558497888
0.00266837910386813
0.00263375484184989
0.00272999001055088
0.00258658300416779
0.00254615567104403
0.0023393555312777
0.00244818676074342
0.0026046878670521
0.0024912030864909
0.00250833863315979
0.00252787064243659
0.00248726976894197
0.00233925474888208
0.00249831900120158
0.00246283401343423
0.00243918799713945
0.00228729268367424
0.0023483043441094
0.0024302394288165
0.00240561581455289
0.00234407752303755
0.00247951631218184
0.00231365237005447
0.00227261046682437
0.00235451660155344
0.00232324210177551
0.00231035347875006
0.00224181363938129
0.0023754572126168
0.00240380141887197
0.00224368365878833
0.00221314087767616
0.00220887945525075
0.00234440175923178
0.00231241732114763
0.00218761161895229
0.00228497649336038
0.00204483919272284
0.002257096326351
0.00226053903823443
0.00208184279122379
0.00227934217123511
0.00219235261115183
0.00224134544522581
0.00218620545121214
0.00234004151603269
0.00212970330480379
0.00220185610609592
0.00211382925994267
0.00220813747936563
0.00213965798611345
0.0021607247574939
0.00207357425532469
0.00216118611075148
0.00219547625691256
0.00214648628033741
0.00203516164253558
0.00207698626999367
0.00217378053054502
0.00213410537605459
0.00219072146050451
0.00206183061283949
0.00199013109032192
0.00205039655570992
0.00202139017991117
0.00201457334350207
0.00208463486331607
0.00211471913479148
0.00203070335288161
0.00204213741147432
0.00194402816362905
0.00206614450687757
0.00190425727953265
0.00212104802895266
0.00200110145590893
0.00195742020670218
0.00197348717711243
0.00194410714919487
0.00203153930063024
0.00204207284143917
0.00191612334738636
0.00192575205819493
0.00206928009648008
0.00196736062468767
0.00188167268137901
0.00197303897856754
0.00189933306762593
0.00193697430257074
0.00187082207891236
0.00195711747477641
0.00200527911787981
0.00194175924441416
0.00191957378004627
0.00195898521832506
0.00197500389842388
0.00185880692391101
0.00181705977537225
0.00194633641541689
0.00188083364008685
0.00182614376125424
0.0020554656514349
0.0018268194819063
0.00185717971548132
0.00186679794137859
0.00185299752869904
0.00184359622529747
0.00182745741805962
0.00182289863323974
0.00180374442592475
0.00178916739003048
0.00175847140658889
0.00181415316410906
0.00166333524002938
0.00193512349935502
0.00186076065333831
0.00168675504788805
0.00180057539467319
0.00181818048376407
0.00180070299004576
0.0017904461082967
0.00170580033583539
0.00169634521936298
0.00170483864133623
0.00183160658921629
0.00174515549950852
0.00178162496467012
0.0018079851564494
0.00184421744006158
0.00170594995632193
0.00170260844787852
0.00175708946372149
0.00172006376668098
0.00171933964491708
0.00173135928996592
0.00161322826431707
0.00167190830902811
0.0016771603031463
0.00172550762845789
0.00163810412014272
0.00172494890340256
0.001649801111824
0.00170769471450241
0.00157764096930827
0.0016121471404205
0.00165343254169403
0.00166138838647356
0.00163094414859299
0.00168610792833529
0.00164942884361853
0.00156338831480271
0.00160746729668339
0.00157532423987702
0.001556175003622
0.00161737277090487
0.00157939156467208
0.00159443375815504
0.00157396847852306
0.0015622455042973
0.00155976766332972
0.00159038900822783
0.00149316023413484
0.00157166633206241
0.00151595344946171
0.00155431796141541
0.00159560241164311
0.00158231587508344
0.00162643072063858
0.00153454949139278
0.00147955957909054
0.00154609357190848
0.00146318555922203
0.00153555345204912
0.00154084815541778
0.00155140826321473
0.00154886899745543
0.00153612772518834
0.0014418562935304
0.00147843074663281
0.00147338157009508
0.00147950868836362
0.00149627380232004
0.00150720666804931
0.00150382181298158
0.00149973958009561
0.00150937092126258
0.00150086482430914
0.00148229366742015
0.00147570461016326
0.00145249542190583
0.00143668166514906
0.00149120624100623
0.00153136731232119
0.00140377113041521
0.00140755454916691
0.00146181368002773
0.00143038063210733
0.00139408073497788
0.00144992887895621
0.00143474314774659
0.00144057167104561
0.00137564083752499
0.00140304276132933
0.00132305339742499
0.00143256696148784
0.00149313729426423
0.00144957158649386
0.00144026150252684
0.00142521152159734
0.00138122061040492
0.00134975605644163
0.00149321959575947
0.00132657844333574
0.00134070296330116
0.00138063571361346
0.0013551741373904
0.00133777212122394
0.00133783365055213
0.00132883372369442
0.00134006263328906
0.00135330707501743
0.00132391772056957
0.00142587769975533
0.00129782160854572
0.00137384195712652
0.00133921960628884
0.0013300005403199
0.00132175767334803
0.0013469423077443
0.00125007729168415
0.00132626896022474
0.00130287670056488
0.0013121838394232
0.00140223420268945
0.00133603272901026
0.00133340451438878
0.00126269665506869
0.00126125279817447
0.00125831957158412
0.0012532211539159
0.00119925301087732
0.00127285237932097
0.00132326506161321
0.00130962352438537
0.00127909959346886
0.00118654702590327
0.00134217120382526
0.00128689708613354
0.00129152106205362
0.00128952049300001
0.00131049213013132
0.00126170760499357
0.00126464147205759
0.00125468204161086
0.00127197067369046
0.00122963186671908
0.0012183262716764
0.00121266848145611
0.0012893062147676
0.00123769341377504
0.0012347831347906
0.00132509405652386
0.00125152307550302
0.00121942524838967
0.00124632767043503
0.00130189955101947
0.00125000954772974
0.00118994359399554
0.00119521687611129
0.00122935058034074
0.00126280686648296
0.00126752745599634
0.00126564424039627
0.00127156173182285
0.00121830908207213
0.00125568180478651
0.00122430575165813
0.00119147119539314
0.00118555119343174
0.00119053187394478
0.00125856155269403
0.00116694085307279
0.00122503592496268
0.00124267114560969
0.00124314510786272
0.00129159347987507
0.00118580763429586
0.00120527650679659
0.00120444991180912
0.00115666886242495
0.00118475383939759
0.0012043975901465
0.00118249552168867
0.00117599621941331
0.00110218604336017
0.0011687171957236
0.00118174254835253
0.00117985607627297
0.00117529335490917
0.00119999709332057
0.0011690318223284
0.00120347862822158
0.00119319779870978
0.00114651018384992
0.0011870618354383
0.00119902896456259
0.00118957657403606
0.00114650389162169
0.00113427550251017
0.00113251956670114
0.00115440712744916
0.00117736650210903
0.0011733117899164
0.00114539155612886
0.00117877510502926
0.00115480480577663
0.00117514737219042
0.00113641603404135
0.00118659716509432
0.00114200050219008
0.00116567511031928
0.00112596954193285
0.00114052049127663
0.00111026765759617
0.00108897466374674
0.00115425262605154
0.00109770670622418
0.00115424313383575
0.00112383264186595
0.00110957362933461
0.00113669087154938
0.00112633326077896
0.00114634448020217
0.00110456688496848
0.00109123848949981
0.00110227129929648
0.00106153063989504
0.00111685659966683
0.0011192114140954
0.00112256095786036
0.00106936070732196
0.0011066921423064
0.00113302941219123
0.0011083350642523
0.00106447348341907
0.00103441707059787
0.00113524441142157
0.00110119950167248
0.0011266541718004
0.00113041168234613
0.00104487072866069
0.00111837385279001
0.00109820474102057
0.00107343184267653
0.0010889471611361
0.00108403352585421
0.00107362515102312
0.00107873352076003
0.00105178982778864
0.00103726903864747
0.0010703485881717
0.00107595429605061
0.00106201539580337
0.00109919473274766
0.00105756166428846
0.00104875340562899
0.00111166215899047
0.00106057924425166
0.00107673861810465
0.00101034447163697
0.00109548943720811
0.00106120010580858
0.00105470437575077
0.00102529312788212
0.00108911611238014
0.00105179263544292
0.00107993497132287
0.00104044437479419
0.00103651246743095
0.00108857762340361
0.00106106050108405
0.001079272914941
0.0010197867658256
0.00104200146276504
0.00101806384442718
0.00101512424072126
0.000962635477482057
0.00100440300980942
0.000974046659999431
0.00106543320682445
0.0010280285588435
0.000985624375931141
0.00106518729649545
0.000968617346000552
0.00104285196868866
0.000997180900598816
0.00105674697992724
0.000994460497659392
0.000997554234325801
0.000981294568165089
0.000994059133947684
0.00101122751506461
0.00101816763091551
0.00100986673111288
0.000996593421165229
0.00102227590680123
0.000974657939397234
0.000984070276648937
0.000975186826052847
0.000959175925560199
0.00102789694197725
0.000960999549588622
0.00100149797955956
0.00098594621349034
0.000971980564260714
0.000923524169688766
0.00100229782601139
0.000923055158938926
0.000987141386166288
0.000978302112005917
0.000974229694557772
0.00102839708687943
0.000987853472853243
0.000949230383911941
0.000986937790604154
0.000975350782603266
0.000953947332741597
0.000979083554979349
0.000963383383891643
0.000939632389232768
0.000992209425239251
0.000940166854476234
0.000939819966505629
0.000911577933524451
0.000947541095439274
0.000971466307007828
0.000872259764822141
0.000920643059471508
0.000906865266009188
0.00093293423251577
0.000938039586700938
0.000938665034597833
0.000907581654358799
0.000965514733196622
0.000965224691109433
0.000934173574941334
0.000918900984098021
0.000886742295180027
0.000905837835761347
0.000959746412752778
0.000918567294730245
0.00093210541394958
0.000985157427387939
0.000939102807917494
0.000910656334412531
0.000910927605748881
0.000898046801223432
0.000939121300125635
0.000891313038378637
0.000925077592743867
0.000916479913102663
0.000879852940175648
0.000874111149856164
0.000911046809714665
0.000922222663044491
0.000930833293208718
0.00092886622329886
0.000904339681408826
0.000882057094988741
0.000981599047755967
0.000862337569124905
0.000912295499698796
0.000890588158335276
0.000873416962684655
0.000850939223824374
0.000845934704771551
0.000866033160249709
0.000855427973920781
0.000901798701105177
0.000855078396021764
0.000891133271290013
0.000855037925217518
0.000869580582233386
0.000862870257197916
0.000892333101342955
0.00084363703137935
0.00089454823451547
0.000830359210449747
0.000854018899430976
0.000835216869364037
0.000850523856724315
0.0008456830471321
0.000856531669613471
0.000842655186121588
0.000892291945133057
0.00084388374294411
0.000801379671647415
0.00101187987672235
0.00137470450580453
0.00132516774827238
0.00133337635010541
0.00137970883036723
0.00130909090397847
0.00138589423951122
0.00134818035006428
0.00132611013999676
0.00140877400676359
0.00131479917596819
0.00139771214370748
0.00138342848427883
0.00138249284955347
0.0013799571451931
0.00137810672490069
0.00133535420623258
0.00135301636556416
0.00133635523336001
0.00131882898519873
0.00130138603930697
0.00133027742358045
0.00132213703607418
0.00133157253335748
0.00135041025904602
0.00135204434346607
0.00124855202991175
0.00132209333449005
0.00125698947757306
0.00134503526691966
0.00131982505567994
0.00130608637709601
0.0012414110467699
0.00128954025929584
0.00133557910810081
0.00129960853801274
0.00129596983003236
0.00122601374122789
0.00125741334864397
0.00127853446523199
0.00119076466771905
0.00127354093277516
0.00122612886597526
0.00128016056898281
0.00129801233285785
0.00129464784997728
0.00122025119741575
0.00123206306172961
0.00125475314778011
0.00123826744047157
0.0012419586347135
0.00120371252265375
0.00122260835061583
0.00123413737669224
0.00122912869654752
0.00116917496644494
0.00123588995079546
0.0012792746946208
0.00121777665187273
0.00124330670571779
0.00125290488375353
0.00118345198949821
0.00118515704998028
0.00120556757581227
0.00120250142337109
0.00119149392850833
0.00125018505465886
0.00121185428435073
0.00114886508472111
0.00116816919786635
0.00122674475728576
0.00124191675467435
0.00120147215185109
0.00118771683450513
0.0011845490817683
0.00121861319966021
0.00115049943086024
0.00110142542416889
0.00116730721744918
0.00121090175804996
0.00118798284533012
0.00119141874560227
0.00127873719412754
0.00123657756349577
0.00121832724146103
0.00124176432944958
0.00117800440428437
0.00125075414129372
0.00116347899841668
0.00117242047960703
0.00123974330036851
0.00119601564734482
0.00121003394591365
0.00121632268924145
0.00122630698356281
0.00124949706788
0.00114243355673381
0.00122235823803177
0.00119309986288261
0.00116733815498848
0.00121989365258905
0.00124337991685776
0.00122565864454594
0.00124901703796897
0.00119166174304283
0.00123900256367825
0.00125481768887745
0.00124455311465156
0.00118819504263817
0.00124162302084816
0.0011825553942187
0.00112186602237416
0.00122412442486754
0.00119902317805733
0.00120919446592879
0.00119058241943888
0.00116350118726799
0.00123404066608108
0.00121437604956406
0.00121335216668809
0.00121115101728772
0.00118034005570939
0.00118769578107898
0.00117884158603746
0.00119824976708021
0.00116576101039433
0.00124218726751819
0.00110088498151929
0.00115031015921482
0.00116020545284281
0.001204474648493
0.0011626284799133
0.0011168019729577
0.00113192476615794
0.00110405302425157
0.00115228749243059
0.00113278049992606
0.00111433347781774
0.00110511187441276
0.0011168891988387
0.00114108594726783
0.00109593648420748
0.0011490406135202
0.00109718366982128
0.00112843069896814
0.00108860209413191
0.00108598286724762
0.0010756510072631
0.00109342420201324
0.00109674426396927
0.0010803161514299
0.00109729263248255
0.00111941866672824
0.00110821212348664
0.00107980654491492
0.00111805214686987
0.00104979215100195
0.00109907322245451
0.00108606318023407
0.00106642861394844
0.00110934948946107
0.00108102164050958
0.00108032789268287
0.00108297830150362
0.00103662468688377
0.00112959848137
0.00109260240839466
0.00108148863223072
0.00104081434564886
0.00106475202376222
0.00105230990528188
0.00102729964252337
0.00100780943341974
0.00100029400237897
0.00105844448323029
0.00101888167763038
0.0010054786587437
0.000991727785665455
0.00101246133227353
0.00102585992485474
0.00101352790250652
0.00100354168843882
0.000996630706352044
0.00104080617145437
0.000987076356292866
0.000988655950080307
0.00101113062830086
0.000970294349519671
0.00102364192217229
0.000982506558684276
0.000941207672303154
0.00100332691420014
0.000953193159465815
0.00101131224026014
0.00102961890082404
0.000974835126395378
0.00100207132755069
0.00101754937336734
0.00100405643174573
0.000996493143424846
0.000998418873031205
0.00101150159342151
0.000945711616768791
0.000918413118058676
0.000931139542946936
0.000991490406806099
0.000956148754805022
0.000961723622022475
0.000960104810272983
0.000934666932401885
0.000941375784110018
0.000977482135914476
0.000993775646891026
0.000994954868464545
0.000927069105679296
0.000957790510064327
0.0009287221107676
0.000941150661710578
0.000963689915504565
0.000966617283617677
0.000978867379143812
0.000926147516323419
0.00096545737330932
0.000917333488935342
0.000906427468429615
0.000921398161428801
0.000926063882474627
0.000958599551018758
0.000923947857502086
0.000945983658331723
0.000911901121708679
0.000902106617026988
0.000945386136950772
0.00090709167538829
0.00091595561422516
0.000891164462924226
0.000876248656620613
0.000954925455194749
0.000879579794948596
0.000872106980053946
0.000940356800874821
0.000881032094193499
0.000887784438685557
0.000905264112040789
0.00091400417968236
0.000872816627668807
0.000871266509024495
0.000888285660538639
0.000903873601074259
0.000891200378416163
0.000898300569664175
0.000888179830227472
0.000900750775339271
0.000914992600549276
0.000909955472898604
0.000897870278742795
0.000870321929497624
0.000897964669715821
0.000839554628572714
0.000845629394106391
0.000865225911956537
0.00086982693682254
0.00085721541367671
0.000859164220724264
0.000825756832838945
0.000880942733555976
0.000850914924997013
0.000824981685980505
0.000818614828006955
0.000859951558476234
0.000869567786082775
0.00081256099625234
0.000864401647436615
0.000861636439747937
0.000840892719461322
0.000816450169564704
0.000873089023431287
0.000835471945044779
0.00081273000028595
0.000826488815651574
0.000837611311736991
0.000825839459113263
0.000825530861998573
0.000870855997971778
0.000802742180977875
0.000834175280063861
0.000827902712278552
0.000829337498047256
0.00081263105390221
0.000837364692499499
0.000790300098797807
0.000806882227613836
0.000798641724244738
0.000824142590660819
0.000781049650929819
0.000808210258820721
0.000830934882371414
0.00083003164012946
0.000756419117691083
0.000771743166310088
0.00076113803191817
0.0007773301273104
0.000801465407626646
0.00076809675198515
0.000778865375980806
0.000816361753924319
0.000801556822320565
0.000809941822727097
0.000751580309357549
0.000800649251573493
0.000774282541251657
0.000800889975996203
0.000796541541734378
0.000761087508417244
0.000784451688588423
0.000754713623225495
0.000764095721841165
0.000767429250330006
0.000768713358427838
0.000748488885250977
0.000789579701909569
0.000772002251824852
0.000777486295977295
0.000777499120421285
0.000741075774620296
0.000733326231131103
0.000743496016595164
0.000739749441112986
0.0007452199834159
0.000754739076343392
0.000742416278925319
0.000716566699352715
0.000713436223115402
0.000767592255140635
0.000760550723602529
0.000705716834446886
0.000732727042079902
0.000742418249105673
0.000724190973994855
0.000717802479889039
0.000711167156957733
0.000750441269957374
0.000764905377171282
0.000737188195655009
0.000694668625656529
0.000718106515032143
0.000737020862452387
0.000733284432129919
0.000742310715707344
0.000717355806166986
0.000714475205127928
0.000695418945373138
0.00069537848371397
0.000683617621860871
0.000726796993214549
0.000696504364467468
0.000719697330553398
0.000685704617485025
0.000685271145113883
0.000668371065121463
0.000695760797192639
0.000746992437213891
0.000679472010392262
0.000681711954787805
0.000685318508192906
0.000688520672139972
0.000680689805598
0.000703146612430882
0.00070783485888098
0.000692136661448307
0.000698485912598094
0.000677915033332366
0.000663736411170819
0.0006795641084352
0.000687021421254514
0.000662036358427227
0.000675662747904122
0.000647287214865416
0.000654466977470076
0.000645914437129928
0.000655816621391843
0.000673033433720809
0.000650169916764573
0.000638107744820406
0.0006297134584067
0.000675588813204724
0.000660021799556974
0.0006645099846738
0.000661815839744389
0.000685329892170395
0.000635583562137932
0.000665030289287212
0.000639822768203624
0.000644891094079063
0.000657970433237525
0.000624321526329633
0.000617206567375544
0.000649003162317211
0.000628174373844447
0.000673899851708718
0.000620836665348066
0.000612167179578872
0.000634605144353172
0.000644410593077658
0.000618601391549489
0.000649846208306256
0.000614896970163144
0.000654391906730835
0.000604736057302481
0.000624266006381682
0.000611652086038647
0.000615404796851352
0.000631256148649989
0.000596072192804222
0.000621933622337847
0.000652920877141814
0.000612530810435252
0.000608531085034878
0.000596434367256329
0.000636814769633316
0.000618919355359078
0.000596102609655825
0.000584609036124676
0.000595682504816893
0.000660825353931435
0.000602295998936198
0.000647169110811757
0.000596175248412158
0.000605921575424933
0.000592485836203401
0.000632889883435739
0.000608714659093385
0.00059757366182144
0.000587896325289064
0.000589853807414312
0.000589543336287592
0.000583922531792654
0.000604261239122706
0.000562497580575096
0.000591115655087444
0.000607890153141562
0.000598040015021929
0.000612712254943039
0.000609100713803757
0.00061100254037943
0.000588299102534485
0.000556762018150333
0.000565413582441993
0.000584098461233998
0.000592384769942063
0.00057912220921285
0.000567076056905733
0.000565308401842467
0.000567880436017104
0.000567108211760448
0.000566215905868461
0.000547479663048486
0.000582304548974445
0.000563347271762957
0.000566622809504797
0.000588826275387755
0.000585768458464095
0.000563258422679989
0.000568784481909291
0.000563660216291788
0.000558010832584567
0.000544291370731833
0.000551902064020242
0.000560256533851475
0.000582347386189817
0.000565452359560495
0.000529701929519905
0.000549909840640813
0.000545695006770371
0.00056100852080707
0.000534213803308998
0.000539424213786504
0.000538747996126678
0.000555438725459443
0.000547806657491121
0.000543898318536481
0.000551804888800534
0.000534246915710601
0.000529510348103257
0.000538630846519351
0.000550338986805749
0.000547154416440215
0.000552198894051778
0.000547710636871993
0.000542045381895866
0.000555261963190706
0.000537892105873238
0.000521109014559957
0.000532619638881464
0.000546164221006757
0.000541429215540994
0.000538160432736584
0.000538783440270503
0.00053202606903735
0.000529564779798965
0.000519882910377574
0.000504506792407669
0.000538640000631632
0.000520679710526562
0.000547678530552593
0.000522179173273393
0.000515652259487134
0.00053862690672492
0.000533653996162962
0.000538954307606957
0.000538482932833186
0.000504782320349695
0.000528232189072955
0.000529145886499598
0.00051582111369005
0.000535894771227387
0.000506588615685421
0.000514011717663389
0.000483237637292221
0.000514423149174102
0.000509262159884226
0.000542070257770474
0.000492736184146251
0.000514890045713873
0.000518207511318806
0.000508944138951337
0.000521923788233033
0.000495113429985611
0.00051800320006755
0.000504520386110299
0.000510293937319006
0.000486732985074191
0.000502795689794262
0.000510327951191442
0.000502253869823524
0.000500887751549448
0.000494988472907645
0.000475507172054641
0.0004919588366089
0.000485538501218742
0.000519492949932206
0.000485999692454463
0.000486112318523978
0.000494917506043198
0.000496557275176422
0.000502677456449386
0.000508575174361936
0.000490629100507657
0.000447655987312424
0.000503623636333965
0.000502169789304622
0.000467459720890278
0.000504919556803755
0.000469006988664608
0.000498826900246037
0.000472011061589824
0.000491538213674864
0.000469821985274284
0.00049242571339416
0.000494485623286895
0.000482119470025588
0.00046400072387845
0.000470340195335486
0.000483449846550833
0.000474695142914032
0.000482438274763439
0.00047347946815518
0.000474879532736429
0.000462285023412235
0.000445231756550726
0.000478051242646833
0.000508263159939344
0.000469709234305151
0.000489563439423656
0.000441822667681172
0.000466597871124522
0.000458258897806153
0.000467278069955193
0.00047763468655678
0.000498291868316759
0.000460843139146161
0.000460270628020343
0.000442968094454982
0.000476712102764388
0.000453715083074694
0.000467990366463434
0.000453058035658056
0.000461480683709701
0.000461780290989658
0.000472733851667355
0.000448845104178425
0.000444192445508331
0.00045945667655113
0.000483929907300618
0.000463565657382548
0.000468347539797658
0.000453378909107081
0.000437065775864924
0.000462991643114194
0.000461336211714296
0.000451813289617658
0.000437813453800759
0.000448836853686726
0.000479503182752249
0.000432041480845076
0.000449406012888729
0.000439907905331957
0.000459449869092206
0.000420602878028698
0.000465549601548405
0.000445221983946718
0.000444503368157847
0.000424186385744855
0.000443094724202674
0.000458216382686054
0.000449485627774327
0.000418109390037472
0.000423918060059933
0.000432163406232913
0.000434137426164504
0.000461025156545805
0.00042226825419611
0.000445334281029516
0.000443915024955934
0.000421915761458245
0.000426980694495035
0.000405721719919181
0.000437234293568548
0.0004446133534229
0.000434438922974928
0.000431823362485071
0.000419701164211179
0.000431711706302935
0.000421475966133713
0.000417808370439765
0.000425606579778017
0.000428010996642874
0.000426956657065776
0.000419491344872277
0.000434210335327763
0.000429176818847754
0.000407605345861371
0.000428044162858746
0.000408715964072185
0.000426058331434306
0.000408059292584008
0.000430763546765041
0.000443641919323581
0.000412005424235444
0.000430504253159846
0.000426195171182164
0.000433264927253492
0.000426839923294723
0.000418117137755943
0.000403780955093356
0.000414018783207946
0.000410372198430609
0.000429788355835863
0.000421752319556147
0.00043314707838077
0.000393793906990036
0.000422420171933734
0.000404544009513561
0.000391481814062755
0.000404732167385522
0.000394890475376444
0.000407549787395797
0.000407496271614772
0.000401691802355534
0.000424929438805577
0.000403264764274303
0.000418200321107194
0.000410501307628322
0.000394489997558603
0.000400462976092574
0.000419898510510351
0.000396636994161442
0.000397346977397298
0.000392111302171006
0.000386004718419091
0.00042100809394796
0.000383200783128614
0.000408416472075153
0.00040445179442067
0.000393535045355104
0.000386231791302135
0.000382741335661326
0.000395997525748308
0.000397518228475936
0.000375827308022263
0.000379492879626161
0.000396925155053178
0.000379948114724765
0.000388154040453296
0.000384291004101689
0.000387080415778863
0.000395945586678462
0.000378702987997236
0.000370748884414614
0.000372414131922846
0.000367954133821659
0.000391701299253843
0.000388940218458703
0.000382342723175197
0.00037901115394641
0.000392430334859082
0.000377579496258002
0.000373062923378434
0.000386771603297161
0.000401331614856808
0.000372581272259995
0.000378161669574701
0.000378576698186469
0.000370920720572044
0.000379855959052859
0.000370854860612777
0.00037158672040223
0.00037494554774
0.000370168027477959
0.000368467940065037
0.000363500693783701
0.000372938322769313
0.000366686444215568
0.000375824927511464
0.000375604183291167
0.000353081597367345
0.000352384922615046
0.000378093160934815
0.000379405776119058
0.000368918314591615
0.000391305839723599
0.000363547972171353
0.000354068642914978
0.000350026451616996
0.000372428715641742
0.000335152264565987
0.000371067031635432
0.000357949822403771
0.000372833665324846
0.000377463530176387
0.000356124362760505
0.000365481287267431
0.00036174933142308
0.000360580244608706
0.000345427399208272
0.000354339134047519
0.000357631444541764
0.000345744568310206
0.000356937449647681
0.00036715740827004
0.000335588957145476
0.000351466956297829
0.000368921420856936
0.000345955944357406
0.000361276877083728
0.000355223392652545
0.000344027895516079
0.000361656270742335
0.000350494530125111
0.000342499682501863
0.000340540603680261
0.000341527393617055
0.000365008283940474
0.000352448108874262
0.000375564849938831
0.000341332738268078
0.000347175128681889
0.000343139734043003
0.00035393484482262
0.000345057360375512
0.000341503077961875
0.000356434155498218
0.000336097734312744
0.000345582652560127
0.00035843993770548
0.000328945321438538
0.000329415477167251
0.000330833690885796
0.000330382201027702
0.000336821419095016
0.000331784308173867
0.000328170398767698
0.000329519332590249
0.000339889713901434
0.000331506641254914
0.00033309550639184
0.000351429187451417
0.000337703967167362
0.000325670270870269
0.000329396906667661
0.000349691949816273
0.000333171248261958
0.000350167952953159
0.00033442173937173
0.000342002001388094
0.000338194349053148
0.000332376364514397
0.000322110055103899
0.000325216733894853
0.000310909840467951
0.00030431186039901
0.000327250049915019
0.000323126661258941
0.000319507434797549
0.000331270864633053
0.000322975673715605
0.000340988767496289
0.000327713973169436
0.000324248434207333
0.000310602031313645
0.000322847947418213
0.000334395906452626
0.000303910531985483
0.000321951582622199
0.000321308158615977
0.000317294315324291
0.000309970371321757
0.000340590008214916
0.000315556984318104
0.000315540168111847
0.000319791509721744
0.000317775705017732
0.00031922643018353
0.000315054811123312
0.000310289245992213
0.000309305251262224
0.000320315589092744
0.000313061376241243
0.00031570019178072
0.000309436140583134
0.000330080140266633
0.000308316989737965
0.000307878770198711
0.000308221416684642
0.000313941113464634
0.000310534903606998
0.000299530821034329
0.000306303095153295
0.000309770048494053
0.000309185693168659
0.000304352102441672
0.000318749622939529
0.000297123829341467
0.000299878218292212
0.000310156945303638
0.000326042919898994
0.000302225728522332
0.000291041063742478
0.000314042225043579
0.000303026280401092
0.000319914938099658
0.000308494515713872
0.000304765730178432
0.000296268683245771
0.000301231151475166
0.00029630541547088
0.000304381214846673
0.000295572250440051
0.000304400878060682
0.000300612971028441
0.000302670016290645
0.000300251030861311
0.000285292655785138
0.00030563413187689
0.000290060667701339
0.000274816128715914
0.000292286532968345
0.000284740666566952
0.000296084938231166
0.000283134872270479
0.000298350875376887
0.000299151197775121
0.000291108236281063
0.000280451304906848
0.000304295526980194
0.00028433669944946
0.000291639700765519
0.000293139339134304
0.000306965796905198
0.000281584786963565
0.000300747486576557
0.000296357684484063
0.000290323181251088
0.000295517238373951
0.000283810654892136
0.000302013697612352
0.000274490550766177
0.000290604084909085
0.000280144831394961
0.00028221008446202
0.000296501790446169
0.000286774621701917
0.000283040108804081
0.000285710220421694
0.000286268238704773
0.000299209314297061
0.000281465133662512
0.00029223395651703
0.000282990498167155
0.000266198441182887
0.000273040587804261
0.00026734075648213
0.000293266330632815
0.00027673321099448
0.000277002597504794
0.000282133762105596
0.000283423308468799
0.000288785146674987
0.000257891796010729
0.000283221355164889
0.000284739340221033
0.00027402885572594
0.000282046710808727
0.000284948523911722
0.000282546454128292
0.000260806314635586
0.000264842331703765
0.000276921259947982
0.000258287278249004
0.000267109502589241
0.000268417039185356
0.000273830385501553
0.000281949196017654
0.00027930090411205
0.000279908045325651
0.000266868102812507
0.000260606453265672
0.000273379353630486
0.000263027415968357
0.000261708972797283
0.000281913005538712
0.000253210767135011
0.000247385173153418
0.000261842868362368
0.000268814301159738
0.000263657613039051
0.000275973066775277
0.000272914094488181
0.000265109906970625
0.000267225447589981
0.000270201929116701
0.000263712491653602
0.000261688424171217
0.000252818126035726
0.000271253620769511
0.000270702876379496
0.00026208971415551
0.000249733032085528
0.000246743905910439
0.000265104268514651
0.000260441886167628
0.000258569597364009
0.000267501118129359
0.000249304176475069
0.000272671708938486
0.000252793295367059
0.000244894767624236
0.000248955835512962
0.000260544947533428
0.000269179281956569
0.000249304782667509
0.000260478296215814
0.000248523792797377
0.000253913587180007
0.000247478421732132
0.00024540093109723
0.000246348861294307
0.00025412608377489
0.000248440762333352
0.000246862138871701
0.000244505797223109
0.000249361592241246
0.000239901077267245
0.000246980570554295
0.000257035676584587
0.000252368286473691
0.000245762936316472
0.000242833407123553
0.000243558742818502
0.000250322369167293
0.000232519654368774
0.000242943972048375
0.000242014197174039
0.00023997891322844
0.000243268812173924
0.000240331308819337
0.000246083324762572
0.000251501836048913
0.000229504851618933
0.000237946908605823
0.000244956058989015
0.000239536683361569
0.000234293386978682
0.0002363686014223
0.000226399692268439
0.000242401080676214
0.000251831739261173
0.00022963570965307
0.000236710321012365
0.000238393600377226
0.000236754644553596
0.000238633270851858
0.000230233615912229
0.000220709203801399
0.000233468981820042
0.000225295648559604
0.000227195895741837
0.000236915761725865
0.000226762146681543
0.000236951776025353
0.000238327517364636
0.000235203945261296
0.000220126800481902
0.000239633573752364
0.000230455155075305
0.000232750296341286
0.000241838132129872
0.000225293125217848
0.00021926180432362
0.000240852767702185
0.000227787564315919
0.000227340644390386
0.000217712168823924
0.000231546091999148
0.000238400792033351
0.000228328382537101
0.000216921071773845
0.000231525997535373
0.000229344216556682
0.000232031867324405
0.000226332408100392
0.000213384229743037
0.000212388110545117
0.000216766278558405
0.000212587746628309
0.000227136611926414
0.000229704580521858
0.000233892639581879
0.000223672914814918
0.000226653200795541
0.000213029454925202
0.000215288206106547
0.000218024107161533
0.000229125152799056
0.000219347121169197
0.000217985819716383
0.000219035168069201
0.00021160270436634
0.000222287194827463
0.000213269851147645
0.000218979763504339
0.000214688052937497
0.000220802943991154
0.0002222793278717
0.000218341850604778
0.000211199810923856
0.000206874225406015
0.000225541465042491
0.000202765653918656
0.000214683342022235
0.000211853344128095
0.000203180697439286
0.000214188781615211
0.000209991993160402
0.000208056865575969
0.000203453537444149
0.000220352786715649
0.000226362302290069
0.000208992237343682
0.000209511247753919
0.000211806869866057
0.000207378830162281
0.000206124498294989
0.000202587913448369
0.000193822463159996
0.000197213084221844
0.000203384660068474
0.000199440004503239
0.000192836744804696
0.000199180922797328
0.000206981923709201
0.000217301819751582
0.000203442194289235
0.000212627935354837
0.000200754039456027
0.000203238597226154
0.000205600897682661
0.000198157444497731
0.000195142252806061
0.000204196514245223
0.000204388982827397
0.000199329021175182
0.000197331311828091
0.000205351400567415
0.000189304455519328
0.00020476159609349
0.000190425315542101
0.000199149613784528
0.000192217183613591
0.000201262438309158
0.000192907429569063
0.000204809027773162
0.000191032597797205
0.000194767819007108
0.000207756494257941
0.000174774361477796
0.000178977543080478
0.000179923186749839
0.000180633692848559
0.000181766690472793
0.000182061883878621
0.000183911471927732
0.000181979960647148
0.000174138366359329
0.00018584395343075
0.000188893619876339
0.000183753475232191
0.000186709677117154
0.000183429192428095
0.000192931420773134
0.000189805349525997
0.000180928386587625
0.000166125395770625
0.000177261651894201
0.000182992507454074
0.000173681015275708
0.000183543378189923
0.000169346740438052
0.000173141385735958
0.000174895823368109
0.000184938647929314
0.000167551386207984
0.000178848825561544
0.000163864813997005
0.000173059933475765
0.000174908561132223
0.000167013031791
0.000170421746368902
0.000178111078265033
0.000166360791280356
0.000189643234463515
0.000180395083135706
0.000163917535666132
0.000174522649067792
0.000173044924971316
0.000171957148479027
0.000175194545241456
0.000174155420149007
0.000149934307273953
0.000170256470645138
0.000182862893560183
0.000179240449034066
0.000170309106284072
0.000157163311406152
0.000163476793494568
0.000161084002552933
0.00017306867231162
0.000169705007075925
0.000163995693212589
0.000164432443638898
0.000171159204197492
0.000168145952123975
0.000162700581973515
0.000155271933456375
0.000162187805379599
0.000168264633589281
0.000158183482482202
0.000163797374856666
0.000158441812656354
0.000156535140145938
0.000162526597450148
0.000159797519269676
0.000159085713882543
0.000156271406241804
0.000166502351776246
0.000163636618859024
0.00016230872571394
0.000146530788733102
0.000167569341535826
0.000149681160520519
0.000163622749077551
0.000167939022288696
0.000158883098926033
0.000168191772949189
0.000154006788087307
0.000159006947165974
0.000152580567044665
0.000160026286778867
0.000155389441289294
0.000162792732931705
0.00016225691141952
0.000156327932154251
0.0001560869739748
0.000150779308302116
0.000152448380183258
0.0001606866186866
0.000147746955742545
0.000158329056309104
0.000162063377332688
0.000160024810413095
0.000158315221956838
0.000150527698857299
0.000151994351065288
0.00014878584203508
0.000156523004704379
0.000142806881552603
0.000156267655965239
0.000147081904101144
0.000150157172209987
0.000158793061352212
0.000158556337313907
0.000148117042479023
0.000143899804527692
0.000150842335585852
0.000155819321421819
0.00015104779137512
0.000148562743958985
0.000144052588509528
0.000157851456326091
0.000152661131247938
0.000140892369961045
0.000147645592906593
0.000140487889836638
0.000140924355379553
0.000145216274015229
0.00014412031549871
0.000157054580301244
0.000145436593360815
0.000150138454989734
0.000147405747375866
0.000137829777143499
0.000135512300886138
0.000143205164277941
0.000136232410078712
0.000144615485062194
0.00015318415789038
0.000138592426994527
0.000139862116074244
0.000138906773148122
0.000141490202526222
0.000144987015370989
0.000144208729924798
0.000138644254520171
0.000125523023063315
0.000145612310394313
0.000133528506455552
0.000132812952119591
0.000139099028723205
0.000145890193117893
0.000133339333755696
0.000134394679936303
0.000132315044534251
0.000133020615176273
0.00013797320119932
0.000143249863742251
0.000133864290010639
0.000139857906373783
0.00013378014659198
0.000129445683162829
0.000138034243357467
0.000135167909748747
0.000138215679197916
0.000134506590822869
0.000132635013513775
0.000131042729099484
0.000131943970300155
0.000140358442886472
0.000134301777200838
0.000132178737905997
0.000141187167967669
0.000129849975707471
0.00013193847116152
0.000137525450605918
0.000137126355270145
0.000133043041761223
0.000136789148112535
0.000129591365961931
0.000127119782895287
0.000118567888331062
0.000129649262279861
0.000124598269912205
0.000133839511916248
0.000126859096973225
0.000131548959407019
0.000129329225668266
0.000125753243834978
0.000139353813140973
0.000131931044570096
0.000128422514020953
0.000124500272654114
0.000128015392037166
0.000128428006246295
0.000124441259725694
0.000122648570725498
0.000127333288865669
0.000124929702125977
0.000120661611611018
0.000120360047601271
0.000125766560704509
0.000127323089720302
0.000124687693625171
0.000120094510220866
0.0001269712751848
0.000125834052433644
0.000118775043444374
0.00011721204761348
0.00012255760266931
0.000124801394045642
0.000119758877141712
0.000126276852188941
0.000113193541078124
0.000127007556847038
0.000119916499750333
0.000119523098734437
0.000122198611694796
0.000119415466846707
0.000127136436127211
0.000121989975120949
0.000122702098037123
0.000127276849536816
0.000123639511770089
0.00012274720427312
0.000117743805012212
0.000121587219686162
0.000121741972152821
0.00012393887546307
0.000117733676554496
0.00011564605118715
0.000111337506720375
0.000111615831262488
0.00010655299504418
0.000115651182650511
0.000123649739368518
0.000114244771949404
0.000115757894498178
0.000109923001182652
0.000112430797251244
0.000111391498185687
0.000105330266620837
0.000110128512404045
0.000115751818130203
0.000114383445869366
0.000110555791516074
0.000113010857457401
0.00011095230215283
0.000113694344722414
0.000111367530242932
0.000109396000937551
0.000115738186300381
0.000102609196687471
0.000111033712588042
0.000116290380624869
0.000113794262128936
0.000112353842406137
0.000116706333720936
0.000118330396948497
0.000109473758832343
0.000113071818199019
0.000113176270244422
0.000108631160754811
9.80600525687493E-05
0.000107401419053548
0.000110199258541942
0.000110894918388853
0.000105955386531865
0.000105263403989243
0.000117205347243283
0.000110405251365954
0.000115522853621652
0.000108077562568831
0.000106809967314239
0.000107235603847715
0.000101531008518475
0.000105078245558913
0.000101855310429215
9.54320995779723E-05
0.000109425483409193
0.000102625824125916
0.000106006115550604
0.000104717008686555
0.000104599856412398
0.000100892068225805
0.000113340632906947
0.000105308549898678
0.000107912977354772
0.000101951197922827
9.90345002426378E-05
0.000102386442330454
0.000112224539334835
0.00010423630996917
9.69255114670491E-05
0.000101477041279496
0.000103412507897134
0.000108505293169917
9.97930436636387E-05
0.000103474815642334
0.000102045334225454
9.74423438409794E-05
9.35020894601386E-05
0.000100089829960706
9.50179979131265E-05
9.4929784784003E-05
9.90942697525498E-05
8.76296869981395E-05
0.000102521846746522
9.38768070948205E-05
0.000101115611269518
0.000100774829917906
9.52881800147319E-05
0.000100302571776624
9.25023194064548E-05
9.74262424883728E-05
9.50727654121811E-05
9.55960780355802E-05
9.48542499821568E-05
9.20801928904911E-05
9.37197081279535E-05
9.24769571569493E-05
9.7146527394121E-05
9.95146506405927E-05
0.000100371280637403
9.81735834020262E-05
9.42440786842174E-05
8.7892079473625E-05
9.81373896034872E-05
9.05448470288929E-05
9.53509304579908E-05
9.33238520529535E-05
9.16939938985217E-05
9.15940804334509E-05
8.78110473708062E-05
8.42739006151675E-05
8.99905795169282E-05
9.28593006084864E-05
8.41496297957873E-05
9.20520601272128E-05
8.852719697068E-05
9.09835320766201E-05
8.44052113425369E-05
8.35107836217967E-05
8.61755529880512E-05
8.48739492926919E-05
9.04182858452426E-05
8.53016904089204E-05
8.87591463572291E-05
8.74359354235904E-05
8.94901188527968E-05
8.99346638364155E-05
8.79282991946293E-05
9.48437300194497E-05
8.26359405113318E-05
8.81130656790988E-05
8.77205660423956E-05
8.83168571575549E-05
8.86828156003175E-05
8.86172416484889E-05
8.36968711073698E-05
8.63562864116304E-05
8.00694781579734E-05
9.13449728410433E-05
8.92185848109194E-05
7.92379572468761E-05
8.39720196674438E-05
8.18153612027858E-05
8.69827370537574E-05
8.01682792596672E-05
7.41058437414183E-05
7.78422152565903E-05
8.21080244843602E-05
7.95512208249831E-05
8.94264521988177E-05
8.90543611001669E-05
8.65243535089726E-05
7.9101179436796E-05
8.58294198627886E-05
8.2296285172523E-05
8.30374086296221E-05
8.28809581852594E-05
8.81525681241967E-05
8.67216579880334E-05
7.38588553620383E-05
8.58317609211767E-05
8.38596639571305E-05
7.79249384811052E-05
8.07081738384803E-05
7.90391042281483E-05
7.38075181073621E-05
7.18324179867817E-05
7.94534684924413E-05
7.56675488368663E-05
8.11242322114007E-05
7.39302357462607E-05
7.65870916490858E-05
7.77919606222887E-05
7.61998608500179E-05
7.67215630300041E-05
7.85094209486291E-05
7.76793180248348E-05
7.4870280630844E-05
7.35096467987746E-05
7.42021336627604E-05
7.75490862389336E-05
7.57163844743465E-05
7.38882922316622E-05
7.39068201527088E-05
6.55368302676392E-05
7.60584830625386E-05
7.62909533302541E-05
7.80103184888739E-05
6.81585368882366E-05
7.11619311438151E-05
7.23745474696251E-05
6.90725323352596E-05
7.39095639871035E-05
6.94184776484142E-05
7.55094628295422E-05
7.26507615599462E-05
7.79217968966146E-05
7.02091107126366E-05
6.95190872824737E-05
7.25086666566952E-05
6.5826562594158E-05
7.07104239100708E-05
6.76508986020315E-05
6.55908256750957E-05
6.85212999815409E-05
6.08966943781083E-05
6.56253901587189E-05
6.44861652127362E-05
7.2040426353814E-05
6.88130890829904E-05
6.72872043763171E-05
6.56648904512898E-05
6.13086155029433E-05
6.87165249200934E-05
6.83324061532753E-05
6.795599249748E-05
6.4568225337523E-05
5.99236248789681E-05
6.32813966934724E-05
6.46044147892677E-05
6.30637147588832E-05
6.18311853201166E-05
6.41206599038904E-05
6.455350863392E-05
6.93978929113701E-05
6.70094879571883E-05
6.62911597580374E-05
6.41080824660777E-05
6.75992386761357E-05
6.02127525205485E-05
6.68090629870082E-05
5.98343459294432E-05
6.78495208367015E-05
6.42964356302037E-05
6.61285844279478E-05
6.6165903810157E-05
6.35295225613447E-05
5.70523055613326E-05
6.03323980443139E-05
6.54683638170651E-05
6.38429153742608E-05
6.58295924785829E-05
6.03072193884688E-05
5.86601573369657E-05
6.33131369946265E-05
5.99855620903977E-05
6.32627386521705E-05
6.04025341344066E-05
6.0986620625422E-05
6.03789343658559E-05
5.95880817807656E-05
5.46699449074554E-05
6.35766154050912E-05
5.86013032925112E-05
6.10535906028039E-05
5.53734901897403E-05
5.88768408888213E-05
6.37194168854197E-05
5.39318394725401E-05
6.14038343111072E-05
5.26137217602823E-05
6.05896145482931E-05
5.10153948351059E-05
5.47797745940061E-05
5.91028071648974E-05
5.74352743135093E-05
5.92375828865091E-05
5.63077722916139E-05
5.36335779497323E-05
5.37156322499051E-05
5.64932730070687E-05
5.63958100174942E-05
5.68108751223179E-05
5.8269350842212E-05
5.20661377069988E-05
5.47792325430499E-05
5.96004238449508E-05
5.5666013193909E-05
5.45638170676603E-05
5.74543384486324E-05
5.17079612293184E-05
5.32461294175259E-05
5.1623884132159E-05
5.8751465292506E-05
5.81836126761343E-05
5.53607884675839E-05
5.71544895074968E-05
5.53021335566759E-05
4.91175761856066E-05
5.8438635488873E-05
4.83428811771499E-05
4.84809497730372E-05
5.46387957880851E-05
5.35103046939314E-05
5.32165363596559E-05
5.64883223982E-05
5.4905677357402E-05
5.50793757990329E-05
5.35032207633557E-05
4.98806959321871E-05
5.56570502513016E-05
5.28475801300321E-05
5.25029856848099E-05
5.14479008344521E-05
5.25108927424014E-05
4.85437364295511E-05
5.317841391157E-05
4.93911725971711E-05
4.83583252475891E-05
4.98643144506827E-05
4.79116689561572E-05
4.71861229090597E-05
4.27103705012422E-05
4.17949154538049E-05
4.98880089088327E-05
5.15430436751801E-05
5.18331489815491E-05
4.68292300990472E-05
4.47735156646781E-05
4.63199471800017E-05
5.22132445501601E-05
5.16674743152608E-05
4.77285536808596E-05
4.48454025546011E-05
4.42853418167235E-05
4.8767651190003E-05
4.66300733776876E-05
3.8749836852846E-05
4.62380727925402E-05
4.70507313768306E-05
4.19229218202197E-05
4.52443272374444E-05
4.16304845702018E-05
4.712393737923E-05
4.67406749793127E-05
4.63596616439535E-05
4.48477628410941E-05
4.21612846440153E-05
4.42070180481283E-05
4.29016024255776E-05
4.64555981968408E-05
4.44001823875349E-05
4.03958368899964E-05
4.06822749725096E-05
3.69340254995851E-05
2.28541720916013E-05
2.21767879986697E-05
2.52298829990568E-05
2.28456397073121E-05
2.59203582664637E-05
2.58547422750885E-05
2.36150281522963E-05
2.25348985078217E-05
2.53975718430102E-05
2.26141274890037E-05
2.52464322725039E-05
2.28915945463468E-05
2.3392602613005E-05
2.15259283967874E-05
2.18514028251587E-05
2.08316936203501E-05
2.09686682952668E-05
2.5576509808388E-05
2.14191479991847E-05
2.17880161244591E-05
2.1481107474681E-05
2.13880005442547E-05
2.38263341026303E-05
2.27252862784169E-05
2.26097520364339E-05
2.10376756722879E-05
2.3498574017305E-05
2.47579586971532E-05
2.06734563157979E-05
2.1468283951222E-05
2.3218733061873E-05
2.22681337650832E-05
2.36743723318124E-05
2.70512566143412E-05
2.15589789564044E-05
2.21241091014196E-05
2.36955112638229E-05
1.75485779653884E-05
2.04678974641362E-05
2.36225518785487E-05
1.686390402177E-05
2.10339654345329E-05
1.78889622709313E-05
2.28418924103562E-05
2.15039442953759E-05
1.97518340055224E-05
2.35776694403955E-05
2.17750971939779E-05
2.13181653275162E-05
2.2063592868012E-05
2.42704953746984E-05
2.35367656037643E-05
2.05086684485994E-05
2.08074898489102E-05
2.06150363103788E-05
2.25345252472848E-05
1.91298106325382E-05
1.82798020855787E-05
1.63395032283027E-05
2.02681816954182E-05
1.64646033365117E-05
1.83735367531308E-05
1.88985383721436E-05
2.00655272264252E-05
1.91973334247209E-05
1.97410753744668E-05
1.9289310816903E-05
1.74988145665565E-05
1.87017870144971E-05
1.69512596011552E-05
1.69528085916466E-05
2.14056595166254E-05
1.86296049486736E-05
1.47639994877862E-05
1.77686966719684E-05
2.0107638869171E-05
1.82189779002499E-05
2.04572066584213E-05
2.01893307020137E-05
1.6788379360559E-05
1.60597218493536E-05
1.94666722595839E-05
1.87368147001893E-05
1.88459275711876E-05
2.19272035572057E-05
1.53957258740825E-05
1.70351085455478E-05
1.78061708961073E-05
1.69955939229666E-05
1.66835190248409E-05
1.89555014854473E-05
2.20339279592463E-05
1.8805433249225E-05
1.51734718965509E-05
1.5408905064113E-05
1.52777488651405E-05
1.6537495951171E-05
1.84233060329057E-05
1.95801522742327E-05
1.78887565046364E-05
1.61894563109355E-05
1.60993426728932E-05
1.70492294514258E-05
1.58568515539188E-05
1.37527985444035E-05
1.49806949759193E-05
1.58196647500924E-05
1.65918027277028E-05
1.54368858955678E-05
1.73421082147958E-05
1.79749953716747E-05
1.7907251512579E-05
1.55861112373962E-05
1.62843930066349E-05
1.63945601450025E-05
1.33908924073877E-05
1.72218909697895E-05
1.46091045506972E-05
1.29803686721478E-05
1.66961679656778E-05
1.62880242920176E-05
1.50522100680191E-05
1.23803824177287E-05
1.33235730091614E-05
1.45263284419847E-05
1.19296217646603E-05
1.49285205107663E-05
1.63869888239331E-05
1.40160398565198E-05
1.41171623114614E-05
1.55501223122242E-05
1.55852174624616E-05
1.45756108265086E-05
1.4234236618868E-05
1.34532180516786E-05
1.50922991771317E-05
1.6206073155122E-05
1.22924606431239E-05
1.41139182638257E-05
1.41117138959816E-05
1.71224513995436E-05
1.4038963904951E-05
1.37407440447299E-05
1.68191213708479E-05
1.12494247771005E-05
1.5249287073676E-05
1.35931956758073E-05
1.22876104927097E-05
1.51330856672528E-05
1.5460435320061E-05
1.64494131543613E-05
1.32580366787337E-05
1.29296145793408E-05
1.2349931204221E-05
1.6317927374045E-05
1.4290921601371E-05
1.33989481348797E-05
1.60133582597044E-05
1.48391014766588E-05
1.23110022468145E-05
1.35852376626098E-05
1.57913373906142E-05
1.45029246479827E-05
1.35203070159822E-05
1.48020497025326E-05
1.45705956364599E-05
8.55421711205484E-06
1.2839366551572E-05
1.23856161220592E-05
1.63822581707006E-05
1.14811759837412E-05
1.29534425855476E-05
1.10836236965986E-05
1.17606576212188E-05
1.40189571598296E-05
1.53552972389428E-05
1.16081027827774E-05
1.40763982161815E-05
1.54942375991447E-05
1.43821563893876E-05
1.03967938560069E-05
1.0266466706529E-05
1.27962372386997E-05
1.58245136040436E-05
1.28785549111135E-05
1.01997512840903E-05
1.13246832931671E-05
1.07547519563554E-05
1.24543898793627E-05
1.21785788157891E-05
9.23244612041773E-06
8.59958888376523E-06
9.91723224920219E-06
1.00628125698015E-05
1.08819018474598E-05
1.09288029551302E-05
8.79041393895365E-06
1.1561377689795E-05
1.05872833419145E-05
1.11220233301252E-05
1.01000243755381E-05
1.07131163300582E-05
9.61096676917221E-06
1.07348187497358E-05
1.30624918368773E-05
8.70629255848183E-06
9.05212087677291E-06
9.88695563587408E-06
1.10341053472852E-05
1.18598028229307E-05
1.18196677758549E-05
1.03658229757198E-05
1.12885606934817E-05
1.24406472093167E-05
8.7490967531001E-06
9.25965818006051E-06
1.08677757752531E-05
1.03941108772467E-05
1.01692080794172E-05
1.00793863920029E-05
1.10958984934692E-05
1.23769145765189E-05
1.11523241590483E-05
1.04263241301551E-05
9.01859268635817E-06
9.20283383783212E-06
1.11214177941537E-05
1.06366892832164E-05
9.182682493789E-06
9.53167136064216E-06
1.05176051640478E-05
1.16245486050815E-05
8.94598183524999E-06
9.62173483819558E-06
7.66442742877404E-06
7.29881765552841E-06
1.19462038195212E-05
1.00972602171476E-05
1.18693548484363E-05
9.53237190591825E-06
9.58015761028268E-06
8.64847252284521E-06
1.01136253865228E-05
1.00040611108422E-05
9.92273092625507E-06
1.0246023993394E-05
6.93455020587536E-06
1.03225180966598E-05
7.01082372477118E-06
8.66352363547341E-06
8.65127292591109E-06
8.76161265347532E-06
9.3292495965259E-06
8.98203486065854E-06
7.01407488763763E-06
8.30677379557024E-06
9.06489173160992E-06
8.56675349303243E-06
6.99496735520707E-06
9.9162139881572E-06
8.4741687206131E-06
6.85288192602283E-06
7.39262845120515E-06
1.08859863760493E-05
8.581627447421E-06
8.57414346976367E-06
8.98530665053891E-06
8.29432764236431E-06
7.3413851776172E-06
6.86591057657375E-06
8.02295034599389E-06
6.25930744570055E-06
7.97938901590287E-06
7.61569761727709E-06
8.19205907303826E-06
6.2617615956772E-06
7.8114785735405E-06
7.8772889193395E-06
7.5626137631484E-06
6.89548171292189E-06
9.29509285698939E-06
8.10738704195173E-06
8.09379340731498E-06
8.0117861860598E-06
7.30300998108962E-06
6.00532358566218E-06
8.95114873389059E-06
8.16038490887074E-06
6.24076648309598E-06
6.21998577203068E-06
7.22435273289621E-06
5.91633781800236E-06
7.47248281021108E-06
7.57519207328916E-06
6.95468858225514E-06
6.38889892684033E-06
6.71599864624318E-06
7.38602294076635E-06
7.28141631418315E-06
8.68660537018556E-06
5.78404423674403E-06
5.39584849831699E-06
6.85756728647446E-06
5.72959360841021E-06
6.93385343256617E-06
6.79449422132497E-06
8.65763128893384E-06
5.33760776021391E-06
6.31939839466725E-06
5.81947265153691E-06
6.23889659947191E-06
5.19189322915627E-06
7.85725953828992E-06
7.07745725540177E-06
8.13721047095966E-06
5.65800744235847E-06
5.97072683562095E-06
5.97477331252323E-06
9.07815116020361E-06
4.14017324507738E-06
6.61714853826745E-06
7.5548830779098E-06
6.62992258604095E-06
5.26541738004517E-06
6.13297765554838E-06
6.01162349515638E-06
7.60723550929595E-06
7.26717864561637E-06
7.06064249338296E-06
6.73399295999424E-06
5.1322672129141E-06
5.44857351258296E-06
6.9420300214663E-06
5.44548361190016E-06
4.92294516463804E-06
6.89313122048786E-06
7.69498874417636E-06
5.83955966721048E-06
6.41804411839267E-06
5.89195100181862E-06
5.48718770195148E-06
7.25877009667786E-06
5.3760221401522E-06
6.12409349202054E-06
5.03205525344432E-06
6.47112204408876E-06
5.46704807820742E-06
7.89765112650732E-06
5.00669593909879E-06
5.59138196686691E-06
6.07739880857396E-06
5.08915222471684E-06
6.32746960915039E-06
5.6603719614622E-06
3.61362583879972E-06
7.22419056564203E-06
4.67409089084165E-06
6.11982506889433E-06
6.38767247447362E-06
5.13734085033933E-06
4.98310848740317E-06
4.96419677324086E-06
5.31873153091825E-06
6.24555917563343E-06
4.66450975482148E-06
3.8962879277709E-06
2.71629115791728E-06
4.3907775206854E-06
5.92222317989544E-06
5.03102606491237E-06
3.72248477935464E-06
5.32524297035371E-06
4.91566772720918E-06
5.07889951219131E-06
4.46746701119924E-06
4.64535448005925E-06
4.08926023975978E-06
4.34574107459663E-06
3.01265745248163E-06
5.5361570321872E-06
3.51785165253512E-06
5.71049977525211E-06
5.12360467378693E-06
4.52884265946451E-06
4.15494286462007E-06
4.2133104183849E-06
5.20756927039442E-06
5.73530762968236E-06
4.2650725162019E-06
5.68967554241399E-06
4.51628700956372E-06
4.92097255553936E-06
5.88863246532384E-06
3.8383310617514E-06
3.78108654902249E-06
4.13408056464755E-06
5.17900044552689E-06
3.79051453664424E-06
4.62441142711224E-06
4.08670090342634E-06
4.20177445346124E-06
3.92338994431326E-06
4.64425239729121E-06
4.32364264214274E-06
1.9482874383753E-06
4.64775330022556E-06
3.47472634182168E-06
5.23257410243751E-06
4.14505980818114E-06
3.41829065367706E-06
3.71019403094295E-06
3.11876463198007E-06
3.05368099123257E-06
3.85481696364863E-06
5.40379377525803E-06
4.12476329017037E-06
2.58368773435306E-06
2.57748865354572E-06
5.18668579024039E-06
4.61698317170788E-06
3.34790072476096E-06
3.53099424615668E-06
4.71151734374746E-06
4.25878922333876E-06
3.58390257074095E-06
5.15320577964471E-06
2.83180682598974E-06
5.86814951525104E-06
3.66116277631414E-06
2.39773310668848E-06
4.12877074278698E-06
3.90357683996031E-06
3.96056069219457E-06
3.85458539112537E-06
3.7692869627454E-06
4.07751565028642E-06
4.56805871262254E-06
3.64536988602178E-06
3.32644382447762E-06
3.42289557835414E-06
2.39413376061344E-06
2.57805128017018E-06
4.33623711174076E-06
4.50687710852075E-06
3.9332268882812E-06
3.42965099374672E-06
3.85848168637678E-06
4.2609038564939E-06
3.12394124748705E-06
2.92763251859053E-06
2.43847655419329E-06
4.35448712196345E-06
3.40239121385359E-06
4.4958057052102E-06
1.84758117525173E-06
4.39493668875083E-06
2.91631065091527E-06
3.48923833554492E-06
3.17484245206495E-06
2.34495421851141E-06
3.02377006570308E-06
3.31384289245353E-06
2.58758008332843E-06
2.4365436827878E-06
3.11335333686247E-06
3.18663708623655E-06
3.14787570434311E-06
2.81582130778795E-06
3.17005088851844E-06
2.30175892961536E-06
2.43403044441002E-06
3.63673459262627E-06
3.40940982181924E-06
2.85997220663371E-06
4.51445892759925E-06
2.16418330236185E-06
3.58298519290515E-06
3.67298978789928E-06
2.1711219993502E-06
2.5341074176733E-06
1.68991459494524E-06
3.1177876956122E-06
2.24833871279618E-06
3.48892322236966E-06
3.25589008077818E-06
1.97104057103667E-06
1.77437463989904E-06
1.8889416279709E-06
3.58530571489401E-06
1.70854320647037E-06
2.55020388143672E-06
2.4710961070781E-06
1.59777424785748E-06
1.6613885517916E-06
1.75067715676855E-06
2.85349989015124E-06
1.92334532895041E-06
2.69248892165233E-06
2.55135057341281E-06
2.14366944687857E-06
1.52176714808652E-06
2.21788510272431E-06
3.03852673229253E-06
1.89872743846676E-06
2.67362391795464E-06
2.72136101053573E-06
2.05271008594358E-06
2.25546384836537E-06
2.50845097623753E-06
2.79012566856975E-06
2.19097734141317E-06
1.67238717788533E-06
2.38280015898059E-06
3.08489701118383E-06
2.89955799294577E-06
3.43704916817728E-06
2.66953605567009E-06
2.42151392472327E-06
1.85048393287547E-06
2.83216089675657E-06
2.68508620057956E-06
2.35897751547585E-06
1.82227004227878E-06
2.17682911944079E-06
1.68475961639768E-06
1.46589014978436E-06
1.46826456147379E-06
1.77880585184043E-06
2.06522727486806E-06
2.11412397069845E-06
2.2460558236231E-06
2.53960653337535E-06
8.74695973685204E-07
1.37217277310023E-06
1.56437569955479E-06
2.43897169888571E-06
2.20112939793224E-06
2.1374970921719E-06
1.90204393920257E-06
2.37185912762508E-06
1.65081348017633E-06
2.01031817952193E-06
1.97000871809971E-06
2.2559588493214E-06
2.19761254734148E-06
3.60790471622311E-06
9.8626205249642E-07
1.52721146683829E-06
2.23908690000753E-06
1.58075208721037E-06
1.36041264907938E-06
2.21691557500093E-06
1.72673867786443E-06
1.05273970339188E-06
2.27647390620467E-06
2.60340935948829E-06
1.67883372808626E-06
1.8680207216677E-06
1.77466249678078E-06
1.65437464865589E-06
1.78315892156645E-06
9.07714572495308E-07
1.97602270441003E-06
2.46527066933286E-06
2.01479068230443E-06
1.15666929563201E-06
1.50038357275824E-06
1.68927068633675E-06
8.85877929971155E-07
1.1122757167067E-06
2.09763301906649E-06
1.63865645671239E-06
1.43340004812124E-06
1.39636070346411E-06
1.94809250918981E-06
1.27966944029428E-06
1.15222451886745E-06
1.20673620584332E-06
1.02143482057967E-06
2.44277602830442E-06
1.95564227300622E-06
1.76820774878076E-06
5.55125234662241E-07
1.23709402998162E-06
2.52530978229749E-06
9.23407918230271E-07
1.55939045917891E-06
8.4553516985671E-07
1.71157146224516E-06
1.89343857866081E-06
1.7139221416331E-06
9.77107700906587E-07
1.47967724364407E-06
2.48980334289298E-06
9.84712161247905E-07
1.05435784103354E-06
1.38153929982744E-06
1.40018435477097E-06
1.26646683300728E-06
1.72049887781275E-06
1.29523383180989E-06
1.19029988661053E-06
7.90859086424257E-07
1.76156943455355E-06
5.58199093262099E-07
6.79797185551857E-07
1.46801462765749E-06
9.51121257541858E-07
1.07859960849167E-06
1.34291554009439E-06
1.05399355476212E-06
7.46395151227605E-07
1.40740540314881E-06
1.12170401026938E-06
1.00987616626636E-06
1.29553754849807E-06
1.29490002959652E-06
1.01834876708116E-06
1.40600740417684E-06
5.84179072728643E-07
4.13178881804204E-07
9.64935149735941E-07
8.94045898360422E-07
1.23837019846702E-06
1.15713799783231E-06
3.2759301120726E-07
1.36977930714058E-06
1.52709970152511E-06
1.6356506370815E-06
8.72590553140827E-07
1.24507364015606E-06
1.20106438616743E-06
1.32058529344214E-06
1.26235132343313E-06
1.60514927577702E-06
1.47006898004392E-06
1.07819856256619E-06
8.33569175502761E-07
1.3561131645591E-06
1.66793649060218E-06
1.00841393471878E-06
1.92442125630936E-06
8.43996673369198E-07
7.83212138245816E-07
9.80626187114391E-07
8.57454119032946E-07
1.66609362817142E-06
9.87186657198268E-07
1.66305058804032E-06
8.40558926035135E-07
8.02527866427251E-07
3.10400965579548E-07
7.37922593313572E-07
5.35462108212626E-07
7.44282695511161E-07
7.83199953079327E-07
1.02517831364381E-06
6.14381514701673E-07
5.79684111537818E-07
7.96648357465968E-07
1.16611010271756E-06
9.41351558174534E-07
1.19428907251839E-06
6.52238211840406E-07
1.91768285472213E-06
8.47837467556475E-07
8.30301578590157E-07
1.92026005328759E-07
7.85354646092613E-07
1.08481628414382E-06
2.03821857039781E-06
6.50586369552515E-07
3.84794824453729E-07
5.30602389378042E-07
6.0823902215423E-07
1.09566850879841E-06
8.80496155169008E-07
1.0245025817327E-06
3.28691222334219E-07
6.95431378532069E-07
5.67971850587285E-07
8.64166533595249E-07
7.79198676383866E-07
9.99271951380911E-07
1.04807775613906E-06
9.15412139584765E-07
3.46167373984342E-07
1.78172429569166E-07
4.59759704918548E-07
7.7355340425285E-07
6.31859288847985E-07
8.20175827521728E-07
1.22973007617483E-06
1.24264688974091E-06
7.7532072660267E-07
4.87012320652247E-07
9.11462093509482E-07
9.82708435678047E-07
6.58925937859251E-07
5.37323351028111E-07
0
0
0
0
0
0
3.65707554469346E-07
0
0
0
0
0
0
0
2.19587346752787E-07
0
2.19468610778676E-07
2.1941961670733E-07
0
0
0
2.19183880475394E-07
0
2.19065948278199E-07
0
2.18911686123049E-07
0
0
0
0
0
2.185407271387E-07
0
0
0
0
0
2.18165636022725E-07
2.18102733132787E-07
2.180742897099E-07
0
0
0
0
0
0
2.17650238069522E-07
0
0
4.34812540888885E-07
0
0
0
0
0
0
2.16992474487181E-07
0
2.16867893200214E-07
0
0
0
0
2.16587160938967E-07
0
0
0
0
0
0
0
0
0
0
0
2.15878321134222E-07
0
0
0
0
0
0
0
0
0
0
2.15188340945086E-07
0
0
0
0
0
0
0
0
0
0
0
0
0
0
0
0
0
0
0
0
2.13942232480118E-07
0
0
0
0
0
0
0
0
0
0
0
0
0
0
0
0
0
0
0
2.12795402841494E-07
0
0
0
0
0
0
2.12345871664797E-07
0
0
0
0
0
0
0
0
0
0
0
0
0
0
0
0
0
0
0
0
0
0
0
0
0
0
0
0
0
0
0
0
0
0
0
0
0
0
0
0
0
0
0
0
0
0
0
0
0
0
0
0
0
0
0
0
0
0
0
0
0
0
0
0
0
0
0
0
0
0
0
0
0
0
0
0
0
0
0
0
0
0
0
0
0
0
0
0
0
0
0
0
0
0
0
0
0
0
0
0
0
0
0
0
0
0
0
0
0
0
0
0
0
0
0
0
0
0
0
0
0
0
0
0
0
0
0
2.05141491027464E-07
0
0
0
0
0
0
0
0
0
0
0
0
0
0
0
0
0
0
0
0
0
0
0
0
0
0
0
0
0
0
0
0
0
0
0
0
0
0
0
0
0
0
0
0
0
0
0
0
0
0
0
0
0
0
0
0
0
0
0
0
0
0
0
0
0
0
0
2.01499242390076E-07
