0.458078667451095
0
0
0
0
0
0
0
0
0
0
0
0
0
0
0
0
0
0
0
0
0
0
0
0
0
0
0
0
0
0
0
0
0
0
0
0
0
0
0
0
0
0
0
0
0
0
0
0
0
0
0
0
0
0
0
0
0
0
0
0
0
0
0
0
0
0
0
0
0
0
0
0
0
0
0
0
0
0
0
0
0
0
0
0
0
0
0
0
0
0
0
0
0
0
0
0
0
0
0
0
0
0
0
0.0033336048118249
0.00901746200633482
0.00908088776796164
0.00804439570683899
0.00825491289774989
0.00769203534205229
0.00793986913850853
0.00755464848545223
0.00753544508836754
0.00761776700447703
0.00940124486318624
0.00921500606711033
0.00899608086606622
0.00920414059644443
0.00917226514229106
0.00863144447273461
0.00828916637632049
0.0074824328652163
0.00764797025791145
0.00742423665681024
0.0069794198444641
0.00668988663574966
0.00652103358902108
0.00671484409077309
0.00648457585217669
0.00634958356919059
0.00635259098659234
0.00605086071675466
0.00610665254475531
0.00586901164954954
0.00618199945486623
0.00600560458937699
0.00577152630643364
0.0056953522533068
0.00592103476360542
0.00598808893469486
0.00559530443424307
0.00551813515057462
0.00533470665176996
0.00562470314819544
0.00521808719755563
0.00525068041944767
0.00508597360409205
0.00522381984509943
0.00501254630141877
0.00500728515203389
0.00515328600063605
0.00490787288866091
0.00480718999836196
0.00469001998590906
0.00475881988703378
0.00492176765121353
0.00474979896265311
0.00471587087371214
0.00467753018815638
0.00441861021258607
0.00443867022222197
0.00426167134243912
0.00440246501813752
0.00464475098205752
0.00438166186589277
0.00433434714163293
0.00437995190962978
0.00451263943762474
0.00424883527441981
0.00418733674627455
0.00406863754986077
0.00406345367120598
0.00404663443696552
0.00413761879895595
0.00443885726368902
0.00412974970724571
0.00380489877546526
0.00386987032175459
0.00393424820975496
0.00392173438609644
0.00385054653110032
0.00391996350523297
0.00406883722284008
0.00393346768740133
0.0037927124163236
0.0037506484765379
0.00382457180669718
0.00376733326165494
0.00375047615180182
0.00369226305961508
0.00355907677635555
0.00350885715182915
0.00376888925633441
0.00385319466303761
0.00379550934477677
0.00371939816775105
0.00366139490311366
0.00383010701624093
0.00371493379246143
0.00371930220352581
0.00386789805029034
0.00392800305598895
0.00369439533649245
0.00387392940224354
0.00700543624394171
0.00715935812387245
0.00702576955883913
0.00719127538589319
0.00676596444904042
0.00665947058404679
0.00650825468568621
0.00634976082016384
0.00631764729534972
0.00648302178785344
0.00648650809175826
0.00648168015281293
0.00605221626923893
0.00626925269395803
0.00606366449597894
0.00644299156174212
0.0063907301365733
0.00653889531533543
0.00648314521034083
0.00634643011546183
0.00635083340849593
0.00642922004484073
0.00645001837333564
0.00628273741385641
0.00638006161448524
0.00643922702540079
0.00655714979016471
0.00605190836635131
0.00649107608368231
0.00622808927120895
0.00652264705333085
0.00652382363813348
0.00665655672832939
0.00622671310393495
0.0062207283183662
0.00629572907189487
0.00640688106472568
0.0063608412865688
0.00607993644676131
0.00635662957084372
0.00601267799686659
0.00609671761959009
0.00610600972156218
0.00625395984102486
0.00605826005089532
0.00590588620591811
0.00586788478272426
0.00594527345891137
0.00594185977185299
0.00565397482389976
0.00575112831147826
0.00582168904135135
0.00589489398547907
0.00588598036997258
0.00565052005076147
0.00548477370944925
0.00563860851152413
0.00584411068419042
0.0053007728022981
0.00575274766540197
0.00564845223005413
0.00539165706206671
0.0054306455113299
0.00530832758665638
0.00545886392257605
0.0053530113890658
0.00534633856684776
0.00528050657704801
0.00529680344693742
0.00512968737565107
0.00518489023655646
0.0049498690773505
0.00523267492904086
0.00518108362435907
0.00488570664697458
0.00509051897039022
0.00495011720159318
0.00498229961718435
0.00503773260707334
0.00505538365224791
0.00507564690473479
0.00515329297308435
0.00518592626056597
0.00521683662850549
0.00510336691706758
0.00509774808437511
0.00509272824673164
0.00502868966688434
0.00485248673851828
0.00490481008350201
0.00480412725145117
0.00482100481625033
0.00463812892339417
0.00479568330674455
0.00475553231498045
0.00458467394987368
0.00469346589406046
0.00467133043502702
0.00475260551795728
0.00469639748573238
0.00454417119904211
0.00443890000363739
0.00440010593782406
0.0044857654613733
0.00446380472453778
0.00459756043977579
0.00444901852166803
0.00441530397404027
0.00427859322773885
0.00440147217829762
0.00439535073208876
0.00444993584256199
0.00424810336073015
0.00432519484599644
0.00426788912861161
0.00428047925016234
0.00417339449148523
0.00423301281671762
0.00413481265885536
0.00424504067253457
0.0040742021482287
0.00411381518196673
0.00413620791627938
0.00408424307688536
0.00394599477186578
0.00407429570774052
0.00418625081698017
0.00410134395633009
0.00408418790080482
0.0040111806996629
0.00407414956600742
0.00381707890527244
0.00385796367746191
0.00378675870276419
0.00396894604758293
0.00378951800388536
0.00385640343115615
0.00375028623523601
0.00370642107904816
0.00378452431131208
0.0036562465468427
0.00352763577593577
0.00361660693016461
0.00346975436096603
0.00340604654459843
0.00354354571953703
0.00350133420176226
0.00362022367647279
0.00357931726130118
0.00351895777943417
0.00351454741448677
0.0034343790921134
0.0035907248506079
0.00342757457973695
0.00346830825918189
0.00355351079234744
0.0032993374798133
0.00331989023148352
0.00346809799080431
0.0032697587455524
0.00343221089160503
0.00340985806368664
0.00340483274601798
0.00326590499236465
0.00346163154450776
0.00350916963461337
0.00329974955108164
0.00326764355307586
0.00333385066613957
0.00329849538880703
0.00322780610921623
0.00331258807888034
0.00303528451793922
0.00329135950253733
0.00317149882785954
0.00310856990315059
0.00311576172396831
0.00311532833296496
0.00302558506736255
0.0031205379276158
0.00293772068879474
0.00301322714676292
0.00295495755348596
0.00299571834627757
0.00305135535421752
0.00286405398745813
0.00291093327278071
0.00308724415282749
0.00287240235527696
0.00285858515445317
0.00274033448754332
0.00273983075727851
0.00273712876112609
0.00290928389015134
0.00272130058244295
0.00282526168913419
0.0026839801384644
0.00276408741833949
0.00281209705090856
0.00255097110006273
0.00269470050581661
0.00261266554573661
0.00260166425212554
0.00268647065395173
0.00260565812810107
0.00252924383951639
0.00266510662333392
0.00262154007966102
0.00264167955151677
0.00259239884893326
0.00243809848070439
0.0024474369530769
0.00255415111368801
0.00249015373965703
0.0023702004136463
0.00230561437523234
0.00240064230669326
0.00229520099527832
0.00240649577051941
0.00241614356819805
0.00242055812224567
0.00241221909941542
0.00234811374471682
0.00229295751328641
0.00227377484901221
0.00231142192445072
0.00224818270081685
0.00217849247046676
0.00227773265335249
0.00222707509252626
0.00224501365590379
0.00221416631038991
0.0022124211718569
0.00214679799727728
0.00226140084770775
0.00218599558959399
0.00218584493727303
0.00210392798356139
0.00203320829759058
0.00207457361826953
0.00213524224570258
0.00215786741495335
0.00198665021839674
0.00206341679108418
0.00202957304902086
0.00201879900441445
0.00191811608461694
0.00195801778815754
0.00196692912640773
0.00190661726721888
0.00197443866166326
0.00190974268473576
0.00198760898624801
0.00198587140572691
0.00190846407747386
0.00189841225669884
0.00191985927460792
0.00197542880843596
0.00190485462223429
0.00185449823885319
0.00179806958061597
0.00186549592077097
0.0018011023619797
0.00178943238141975
0.00178031130811181
0.0016526661606226
0.00178801244700496
0.00181135131342777
0.00178906748661156
0.00175127975924957
0.00177448368851353
0.00170441681979976
0.00169613207310962
0.00169437223485606
0.00167737564718125
0.00161609639301067
0.0016691370599821
0.00167327127807246
0.00163125331988082
0.00164312926493756
0.00167156301955428
0.00171632526366765
0.00162886680952912
0.00161438490460293
0.00169513497323524
0.00159563347020663
0.00163508060791986
0.00164689978218804
0.00158418318688324
0.00159107036693628
0.00173787352943212
0.00155341355626677
0.00159819004945366
0.00151037753502107
0.00163022842772503
0.00157811993253014
0.00158726341520245
0.00155838405594931
0.00152456355325412
0.00154681341281335
0.0015060656636605
0.00158821090015943
0.00149861053409353
0.0015777013603677
0.00152656839469686
0.00153187144833345
0.00146478372781344
0.00147888178330817
0.00151773280927609
0.00149285689373555
0.00151780609857147
0.00147493210522641
0.00146132922162157
0.00149607097236403
0.00141295369271546
0.00150405227592833
0.0014810412472499
0.00147728764177858
0.00147207611031612
0.00149398255833959
0.00148801247223453
0.00142954413777707
0.00141570510921909
0.00147134862201128
0.00147012031556056
0.00146777126727067
0.00147475270365512
0.00143006899956107
0.00143139604820885
0.00147115109834554
0.00150655380195472
0.00141958460022104
0.00139615072335625
0.00135021597386666
0.00142229062852913
0.00145713700622832
0.00145968422535297
0.00145352326263411
0.00145960260918101
0.00140072755054511
0.0013560429709098
0.00135385635328842
0.00136401354563823
0.00133719712867597
0.0013867550136477
0.00132946289694472
0.00135698926577727
0.00132596637506185
0.00136430617479383
0.0013793205439068
0.00134384502140512
0.00136817498626375
0.00135268144298062
0.00135299271451733
0.00131782402762805
0.00132628550908292
0.00138672117293967
0.00138228145313965
0.00130797824679342
0.0012954688435654
0.00129568955769756
0.00132487627630076
0.00126132407549684
0.00135263925726148
0.00133432422580018
0.00121367762448899
0.00128121590964742
0.00129628357242796
0.00121980565415544
0.00131627448163894
0.00116780347028323
0.00131942604097037
0.00132262383335987
0.00123757873251558
0.00127391269444926
0.00128295823720846
0.00139092131996768
0.0012422352721948
0.00129044535419073
0.0012974444517416
0.0012427165663699
0.00129382489908862
0.00120576869393087
0.00125714655430793
0.00125050310407757
0.0012531917898733
0.00128409058995469
0.00119406108657489
0.00123327170402212
0.00125681468742572
0.00127956225327976
0.00119995135865216
0.00116459027557208
0.00120760189746169
0.00118721025647476
0.00122912668852021
0.00115017562751415
0.00112208143140414
0.00122278997254131
0.00114042814461779
0.00115856953519407
0.00113662031113008
0.00119877690002209
0.00120086784235539
0.00122349075851345
0.00113893104767703
0.00120669703211283
0.00120892710426628
0.00116865951172948
0.00112254728358857
0.00114115542911984
0.00115446868484128
0.00109551836321715
0.00116261118590406
0.00121012971719768
0.00113630734359634
0.00107607438180377
0.0011821120303241
0.00116786196872276
0.00111856569773954
0.00116486599779135
0.0011990349787666
0.00107754774604551
0.0011216695154106
0.00117578779960097
0.0011321117761883
0.00115864182047318
0.00111302871063638
0.00111886854078888
0.0010861001508551
0.0011048495112777
0.00112128333049425
0.00118260541432785
0.00113599968917019
0.00114979410410496
0.00110917303022924
0.00115297024443243
0.00107458585697152
0.00109115330710966
0.00109703180107775
0.00108030805963041
0.00113558075007048
0.00108816212124414
0.00105637925817912
0.00105527523889564
0.00108571771404692
0.00104861502212371
0.00108231098322868
0.00112076088224655
0.0011055271591308
0.00108586034337491
0.00107811645832195
0.00106918290230143
0.00108602222780491
0.00102354303744356
0.00101317045983806
0.00106203637075907
0.00103391212571203
0.00103235743294065
0.00102893285970333
0.00102761746926309
0.00105839095674123
0.00106262932995172
0.00105443064698381
0.00108254456966644
0.00106228167765385
0.00096171105233136
0.00101805177257794
0.00102355390296046
0.00104695298781737
0.00103065867565769
0.00101374308896844
0.000996774222092136
0.00103320464584716
0.000989280889530458
0.00104122682451221
0.00103504435812988
0.000987050295609818
0.00103382851829769
0.000991808991186698
0.000987612579686849
0.000971031381720596
0.001006506836437
0.000992695234606516
0.0010211560121174
0.000984976014563797
0.00099773613526711
0.000942281616505859
0.000971688914178434
0.000975641563082291
0.000961114419413116
0.00098006956799742
0.00095537356202921
0.000940800805530221
0.000972279338708753
0.000952884479269223
0.000929672530377819
0.000947019514429549
0.00100866416372635
0.00102645978230183
0.000924421595346798
0.000930461520504612
0.000937483620743633
0.000964170897530187
0.000913840607603495
0.00096412549486682
0.000904776870896617
0.000920553410652924
0.00094613878082754
0.000916160490264041
0.000953212037959756
0.000900078818051588
0.000952747832091824
0.000942834795066255
0.000905864151148546
0.000901739683074201
0.000852025281204712
0.000932679682768704
0.000916265716528439
0.000892596574584248
0.000886596931804934
0.000907873325327215
0.000892986880646146
0.000833292639175616
0.000900928900271617
0.000921180412230184
0.000910916655218101
0.000928656140585268
0.000921791094365755
0.000919965083029423
0.000877610124289816
0.000925921173656083
0.000895545253198632
0.000900304868084271
0.000844486215309444
0.000844001075793303
0.000911245913164128
0.000905103209943683
0.000852352769329892
0.000909928120518676
0.000849881369499306
0.000883087664171845
0.000842024935064242
0.000849130203318793
0.00089017771338218
0.000875491453556875
0.00087039605715389
0.000913884025075964
0.000833700283912277
0.000861477096597351
0.000843077981029449
0.000829115733896784
0.000842189572668461
0.000855498503570826
0.000836063888368274
0.000892102441652562
0.000889433620940097
0.000832963361764646
0.000861662168624286
0.000852723104799689
0.000832633856632528
0.000837524479804305
0.000841405603039376
0.000818982587193382
0.000845680193507538
0.000816695683240614
0.000888324534860914
0.000826070468116346
0.000791342225697728
0.00082532270833471
0.00083779958783445
0.000847574287676489
0.000808469477899597
0.000814016314157356
0.000798393675782989
0.000787884326843946
0.000819538251660773
0.000794155180094736
0.000829749939566729
0.0007887701559371
0.000816755606994916
0.000803468903200119
0.000785150839895858
0.000789157116696908
0.000746594245778307
0.000776820045881266
0.000771097709075682
0.000834562191816673
0.000794417927814983
0.00079992176862595
0.000757727518716295
0.000782185734222142
0.000798414267890262
0.000756512296827515
0.000754253500298688
0.000795072552363109
0.000794209195904995
0.000751075268616455
0.000786774328091477
0.000746892582375825
0.000801845361193472
0.000764499365709147
0.000767588026828917
0.000758091209771955
0.000760538254861142
0.000773501024242807
0.000737147865664835
0.000751108288887683
0.000774036216023204
0.000735308581066885
0.000701834294985157
0.000714889433792643
0.000796156672752552
0.000781351678596912
0.000721995754814168
0.000720574499641191
0.000764927629685551
0.000738320934168567
0.000749556000633457
0.00073614356728589
0.000742333123512884
0.000755935563227041
0.000745669641208737
0.000696729761300093
0.000720025136440203
0.000668049646558289
0.000716278965309914
0.000718791179525928
0.000723702309189181
0.000724873815122159
0.000703827643072096
0.000738038379060137
0.000678489707193754
0.000721056487417981
0.000730232937182674
0.000706856756151812
0.000737938911636148
0.000697457752605417
0.000700251975994844
0.000725103419778728
0.0006833625178396
0.000729499890062436
0.00071476278527714
0.000690975225351321
0.000716298234063992
0.000732541757743169
0.000686174886357187
0.000688175173675344
0.00070614955327933
0.000727444278816558
0.000693575285092685
0.000677655454845368
0.000683294689363599
0.000703126962058163
0.00071746924141039
0.000689718424937689
0.000726793045982457
0.000692548889640185
0.00068774720049325
0.000670556488729854
0.000712599449718703
0.00069621817327143
0.000679453470782201
0.000662806318803288
0.000670549111449661
0.000669252391986044
0.000726302259045078
0.000676544936318273
0.000685923987446161
0.000688754100533827
0.000686471324287537
0.000682594333194626
0.000676007069235178
0.000668631019409624
0.000716578464363226
0.000667039575646027
0.000643751719204889
0.000677361452175727
0.000660071214185782
0.000591085652508264
0.000676975678355954
0.000679383913309461
0.000659751092840307
0.000651084477838627
0.000657779341136505
0.000641208616469659
0.000647916757602303
0.000662421311588797
0.000664434878064507
0.0006781476087868
0.000683253309562295
0.000625841893956523
0.00060985667561837
0.000654808699016836
0.000649760208080596
0.000621425074592952
0.000658514717021405
0.000641392164536579
0.000644826460488664
0.00065668558604574
0.00060673312733918
0.000636416652240433
0.000627592390762276
0.000602252408586916
0.000629773892886059
0.00064361926279471
0.0006432818864
0.000563075732476978
0.000626186047208371
0.00060408785424551
0.000590387912931651
0.000619806394749975
0.000613304800051106
0.000570914180373532
0.000597426159818357
0.000623903460552619
0.000624667597503952
0.000619160681865586
0.00060377847117209
0.00061173860307544
0.00062596385861561
0.000616507378128595
0.000618289274210552
0.000609397040351304
0.000613028366489417
0.000614070260216683
0.000594734766533268
0.000605037984809242
0.000557867079068767
0.00060548821115233
0.000608878191434792
0.000590643318420646
0.000582739658827615
0.000612512692021611
0.000602471173413505
0.000609455413195901
0.000582078344800993
0.000580485264708501
0.000579697674956951
0.000584476825451594
0.000600286563572413
0.000573713799343298
0.000544210316192742
0.000580699796481134
0.000561564174325285
0.000579289894635221
0.00056859184009729
0.000562119521843477
0.000543664854783451
0.000548235113416753
0.000558994731466987
0.000591745136734128
0.000573409256593767
0.000561449109752473
0.000583101595839476
0.000559954243326115
0.000582429336131877
0.000554541129021521
0.00056015964992367
0.000607254670393457
0.000555650898896078
0.000583129818305015
0.000579155198679227
0.000563993328414296
0.000556253268969517
0.000542753237025922
0.000558727568954614
0.000544269699312356
0.000527521308302347
0.000520628217922434
0.000550682717148438
0.000542192467888055
0.00053553979360076
0.000534406146159219
0.000551418024248415
0.000544997504053987
0.000560616689156917
0.000542988287306164
0.00054336247329049
0.000518147941983292
0.000589472044816319
0.000570698160938888
0.000549750820134039
0.000533195513651024
0.000535590348168839
0.000547654914827639
0.000529795321962115
0.000546436972896008
0.000540638566611956
0.000552893647156338
0.000519809627683862
0.000533611103149521
0.000515198161071775
0.000508844246649982
0.000532530734705737
0.000525834496110205
0.000543180473523042
0.000530736182124685
0.00049074490748726
0.000514328081573519
0.000531621884508302
0.000509443992172836
0.000518058632066036
0.00053750879168236
0.00051828802499122
0.000526590912511895
0.000520566708092556
0.00053523378399116
0.000506007804161544
0.000502635951967546
0.000519596103573117
0.000518612735285603
0.000482281194157705
0.000544048696187236
0.000509817230134221
0.00051912799471306
0.000503242849305787
0.000515414008054196
0.00051365959230615
0.000498556739808009
0.000499347680851726
0.000506443591364457
0.00049620893947674
0.000499517014276509
0.000501759489057501
0.000469499543523701
0.000473725664672843
0.000480010970950522
0.000507117262228082
0.000485808411747287
0.000473231246002868
0.000484450587981731
0.000500555194321298
0.000529754822689344
0.000473459428013697
0.000493350232962932
0.00049998629427866
0.000476687148345152
0.000482016004223856
0.00048239680726147
0.000501374484955618
0.000492800615566021
0.000483443970231123
0.000508605071590981
0.000522257029008363
0.000470521002343304
0.00048933327509311
0.00047107761862957
0.000498342300871395
0.000497996762363242
0.000476908299635562
0.00048643774843749
0.000470200299251777
0.000479130259155687
0.000498380658532749
0.000500713446180221
0.000455814316478636
0.000456688046884276
0.000474914952148215
0.000463576436864291
0.000447503489805455
0.000501297051553918
0.000463796439598155
0.000483475889481944
0.000469720920149893
0.000477675474253131
0.000447854813730444
0.000478239704820971
0.000450422681079788
0.000493395275502254
0.000467512689475402
0.000447656272349929
0.000469288204447236
0.000462294637571369
0.000478652785597492
0.000460415390988878
0.000452395224627839
0.000452452382807735
0.000455457581512528
0.000471092990841192
0.000470831696292367
0.000462774177885988
0.000454760148159925
0.000487783311597688
0.00045862741636915
0.000466966359801041
0.000447209540489097
0.000466288224912813
0.000452722045482217
0.000459143277846543
0.000462936274627445
0.00045040657853248
0.000477373330997314
0.000462907417525964
0.000456587136686798
0.000453843198066902
0.000432214502574073
0.000453179857115422
0.000432169685047856
0.000455034927988573
0.00045920424860564
0.000448495282029091
0.000458746798859775
0.000462665591589034
0.000480155176415622
0.000467317624690148
0.00045147469696266
0.000452983531437935
0.000434376604364763
0.000442498009318686
0.000422063359753476
0.000491678453203364
0.00045256357665052
0.000428327294065944
0.000433907450991448
0.000444038501229137
0.000441687093163905
0.000457853753266933
0.000453623837287165
0.00043511335948192
0.00046344373955819
0.000438755246708136
0.000440435970411942
0.000432212943848285
0.000434456458798975
0.000443697651593428
0.000463730711584648
0.000453079105891043
0.000409974231326718
0.000443013712143288
0.000449119668113999
0.000453164397038928
0.000412755061089194
0.000443434612039017
0.000422840530529022
0.000462902422904027
0.000459858512780607
0.000455858526286507
0.000441096193977785
0.000442152136535961
0.000443681989216077
0.000428584069098708
0.000439099099579285
0.000436335538619437
0.000437740832439891
0.000444103453522166
0.000415895738307557
0.000421562561718577
0.000425826766728463
0.00043455857307085
0.000412607539528165
0.000442881068723932
0.000421952597995482
0.000442863044906183
0.000446657887130982
0.000413258114075476
0.000417724177094269
0.000429426046934066
0.000439505869307041
0.00041370494727929
0.000428091857554978
0.000434435024964566
0.000425758384910873
0.000402478485781178
0.000429336291314272
0.000436590344155709
0.00043375532714188
0.000442961063474601
0.000443640503630688
0.000431567769480952
0.000427519202759955
0.000405149579712695
0.000423425482274739
0.000444046430548772
0.000411653940009817
0.000433581789189881
0.000412094441942687
0.0004287186902656
0.000429336655281906
0.000440709706949617
0.000416957827721336
0.000420351588703878
0.000410273325306938
0.0004350143960389
0.000418402617226208
0.000440853617977269
0.000399481522735662
0.000408869092416701
0.000416668036035754
0.000431046669566556
0.000389778750549069
0.000430681864622873
0.00041564970708021
0.000417333730213819
0.000406913016650931
0.000432385009893467
0.000420379763796181
0.000400737342894477
0.000382953925387735
0.000419240645624477
0.000408148754826806
0.000403213965855169
0.00041145587335222
0.000432655131157124
0.000416107987277506
0.000412511471201972
0.000423301677161151
0.000387596253626292
0.000413594992061533
0.000399910448356929
0.000405969179785598
0.000413912415331341
0.000420099241377448
0.000410061331166808
0.000403897916630882
0.000411786864053814
0.000399295140375446
0.00039914448870659
0.00042537940973407
0.000403010116174593
0.000394754895429455
0.000406039294636629
0.000402009641910664
0.000413553140154289
0.000413002648783413
0.000398755846663804
0.000401867146824788
0.000423126650060583
0.000401197282456051
0.000389300800869757
0.000404702340335246
0.000398030892539396
0.000391228534573413
0.000414979251317212
0.000400077961851662
0.000399720247687022
0.000404923559693987
0.000399568219764094
0.000401860750828998
0.000399025193834817
0.000384484281248022
0.000388612677054944
0.000378108778029327
0.000392456859867933
0.000402320939351446
0.000389229272475654
0.000402740510271493
0.000400072525930044
0.000408880527545576
0.00040045573816469
0.000397122279997773
0.000397883495294527
0.000413551142639237
0.000381220766418683
0.000377416874323109
0.000382720960198051
0.000385636891684054
0.00039418249986814
0.000403580609557365
0.000407972167098999
0.000391370196078379
0.000398846711936436
0.000387809510819255
0.000371422030258539
0.000393107118063187
0.000385908360599051
0.000379613775803237
0.000375341444581015
0.000385569387520907
0.000376673378263471
0.00040240593882167
0.000383503188304187
0.000405623359110654
0.000413372856404137
0.000368587581003403
0.000380365329079425
0.000376267098558423
0.000382004500333204
0.000367557035173597
0.000381021350617495
0.000388461411771543
0.000396261110948835
0.000380820995576923
0.000404883302670084
0.000391499873192292
0.000379228608681597
0.000371274469618979
0.000389237753273528
0.000386927685672596
0.000374887205262475
0.000351677248925244
0.000360283828641659
0.000385652154656996
0.000383607376749588
0.000395601919047569
0.000387226505447429
0.000384323425340427
0.000378316480885675
0.000374571399497584
0.000389162837609846
0.000379727907379609
0.000376119875545635
0.000370699923216974
0.000390591061362746
0.000374630675135113
0.000379929038988134
0.000398552442726302
0.000371842013210536
0.000370951392543351
0.000397855491069992
0.00036841160060221
0.000382533132079592
0.000387509043595164
0.000395471482978724
0.000394370391809984
0.000390933607573649
0.000390658280900648
0.000400149911826066
0.000393177030755404
0.000382554139796131
0.000376984300281147
0.000396949356680899
0.000395945081734261
0.000388541356104529
0.000391137428301768
0.000353427460559074
0.000376606632191886
0.000368218073318279
0.000368465372619283
0.000383260713268859
0.000383423601521942
0.000392378737935033
0.000379196636373301
0.00038308166949606
0.000393873456704532
0.000376420420242502
0.00036930495805094
0.000368204129701283
0.000359186135183879
0.000401965075173449
0.000393959002003961
0.00036822956902917
0.000409649859378379
0.000373617852306488
0.000360761296799632
0.000393256826568799
0.000387460260984248
0.000409363096513354
0.000367799018525069
0.000386840405235404
0.000354321348199417
0.000386224278269095
0.000370673964728875
0.000364077075814936
0.000383872543344952
0.000379648879553037
0.00036416411342512
0.000375089021734422
0.000386565696099634
0.000380678378044562
0.000369036396348421
0.000386030082722115
0.00036681164604401
0.000374371846785622
0.000355627807229151
0.000391636277140942
0.00037031034443808
0.000390787218388468
0.000372916063466493
0.000357159187183555
0.000396782550547697
0.000368499936821836
0.000393060064963112
0.00037421460481953
0.00038711469061193
0.000376197884937767
0.0003717437740899
0.000382803885443056
0.000381671121896297
0.00037794902275286
0.000361135465564644
0.000381949522229918
0.00037179372502066
0.000369724389664113
0.000347129916378877
0.000374376795852487
0.000374727453454418
0.000381637565496337
0.000380074386011395
0.000378976080110002
0.000356208949063528
0.000359040838798934
0.000394245386097042
0.000378272682839217
0.00038770884060574
0.000366173991533624
0.000364652672248162
0.000397812631845886
0.000375482941224228
0.00036254075287405
0.000381625077100998
0.000358401852310197
0.000367902410050463
0.000360139050013698
0.000372638688930035
0.000361907962084111
0.00036235452278183
0.000361304622744649
0.0003668168356787
0.000376028349954785
0.000359719450143862
0.000367862630585454
0.000364187203566724
0.000368233647075959
0.000363448569034384
0.000376457962019636
0.000373259879113834
0.000363583358245743
0.000363607254517775
0.000350760552109728
0.000369406285777307
0.00034854692659296
0.000353144478937257
0.000360368337856714
0.000349241833186493
0.000365694013442224
0.000349433808549594
0.000358105390978148
0.000366433840073786
0.000367522664106027
0.000340791704651352
0.000352955679306581
0.000356174244381304
0.000370901106353092
0.000353060915195656
0.000364404076997833
0.000371094531417748
0.000388683066914784
0.000365070272718556
0.000370170077553787
0.000330886903253428
0.000346978652632059
0.000362027513076581
0.000356367536209375
0.000354046361055082
0.00034090673557042
0.000363536989411699
0.00035951306140686
0.000339403308573214
0.000361151512787598
0.000345245314111317
0.000352730860503154
0.000372309089367488
0.000356409553803213
0.000374468873110522
0.000334154605666404
0.000376215998558005
0.000364273443213511
0.000347594631278727
0.000353603488311536
0.000328583084094807
0.000359411194341115
0.000347795581474462
0.000338419995750978
0.000369534078116274
0.000353552604729469
0.000347198580772008
0.000351596933405807
0.000352741041913085
0.000337145035152137
0.000359864511348343
0.000339037397247776
0.000338117378399177
0.000365007705694439
0.000357777766235652
0.000356472910868872
0.000348554324892134
0.000360040547934954
0.000341420545777506
0.000340445206530803
0.000331177754867839
0.000357450661189156
0.000337651443992053
0.00036996209789389
0.000346724732632015
0.000351599588591473
0.000354649598538022
0.000332146187522308
0.000345900648439762
0.000326152207100679
0.00034287026111485
0.000358828546594592
0.000325564161548289
0.000348263260439341
0.000329917511579189
0.000336086640947242
0.000353313602210195
0.000339080149810148
0.000355399007096506
0.000305996012100627
0.000340860794185915
0.000334399074973501
0.000313980724969473
0.000342143416293426
0.000331923670105005
0.000341755900134103
0.000324858881066957
0.000320060885222141
0.000331009778084049
0.000336411168658546
0.000345470368739237
0.000326947837035813
0.000347120892144152
0.000326554701977742
0.000314580484877881
0.000326820017618357
0.000339731567500801
0.000326028650938341
0.000331076351490958
0.000325534034209502
0.000321642337042441
0.00032843317175427
0.00034674479659905
0.000321461446245934
0.000304908036035242
0.00033949295625788
0.000321476021582434
0.000327162103357751
0.000327507317539074
0.000313765608122607
0.0003085890849084
0.000315562382145046
0.00032712486710586
0.000313546873341332
0.000327638681135395
0.000328327731915601
0.000322626737449271
0.000326389490179604
0.000309922992129725
0.000316335964201166
0.000331066844274336
0.000318549963177959
0.000315165052152765
0.000302253665570482
0.000316264831428567
0.000330709950628752
0.000316923456405539
0.000313471639095707
0.000317710594503473
0.000321390795923356
0.000334501456387095
0.000303530674229008
0.000303010188073327
0.000324887978133623
0.000323562901146557
0.0003182407039242
0.00032432740784017
0.000313491197485593
0.000307096094619411
0.000307980260568434
0.000304123124092371
0.000324212633690358
0.000309582169075301
0.000301198685138167
0.000318715255627258
0.000306737624399461
0.000310254932460611
0.000316269165012339
0.000296286769218952
0.000326269852944277
0.000296601097550453
0.00030954206327032
0.000322878989546361
0.000292314477302495
0.000322295970497278
0.000293806203652236
0.000310166270516469
0.000313506273686253
0.000307086576247856
0.000297711369160126
0.000301754927252338
0.000314442814173789
0.000289601540736564
0.000309226163266838
0.000299726400288029
0.000311048483118411
0.000314808182361283
0.000298901199028343
0.000303034779439096
0.000300429231338766
0.000304136632922696
0.000314026498352748
0.000300643651358935
0.000297212320380504
0.000310936226170458
0.000294857878656281
0.000291915075138292
0.000315524484483884
0.000295198882468071
0.00031249238744003
0.000278796760715552
0.000309342543760921
0.000302443900639849
0.000297056007257652
0.000298329087549015
0.000303783693944962
0.000291651443546139
0.000292515054854696
0.000299969648291495
0.000270073307193119
0.000292368453059935
0.000288625800508334
0.000310183752541089
0.000291330346498993
0.000297984011308786
0.000294513984165092
0.000284390678158367
0.000295532540380183
0.00028767088170152
0.000278482624394129
0.000284465541144392
0.00029439922328736
0.000277146893438677
0.00029235945264467
0.000292957895575981
0.000286261504012824
0.000284744185711476
0.000288656125452543
0.000299290727612821
0.00029987273644155
0.000292298516315409
0.000280341971279159
0.000283776783665364
0.000279208252756277
0.000281378454147401
0.000279837897408754
0.000296996080931961
0.000285423058457362
0.000285122977548523
0.000268313592705103
0.000283906786372641
0.000278566181671891
0.000289562982622487
0.000270959522873868
0.000282716393984872
0.000266827627633618
0.000278104832543814
0.000288873619428276
0.000279832102029453
0.000288045311576062
0.000278987044249214
0.000284091974466458
0.000283342037932801
0.000273739654010757
0.000287744976008566
0.000276237212218868
0.000291194110700447
0.000287031349367722
0.000270346731398273
0.000280160270486512
0.000275478309577319
0.000284930837859625
0.000292507132782155
0.000268503549317665
0.000277772951783517
0.000273300556671762
0.000275485098551531
0.000261293420541653
0.000266549824955092
0.000275005500010723
0.000266810143720009
0.000282060940301875
0.000269640680922011
0.000274255173709684
0.000258202135040564
0.000260824308425457
0.000275016093604464
0.000271975601622491
0.00025757101917905
0.000272246258236172
0.000272601250857328
0.00027203845572961
0.00027271985726864
0.000250346969417561
0.000269186065533014
0.000272421009865952
0.000279235092155133
0.000254911931350444
0.00026209045968098
0.000271801680002463
0.000258943569366962
0.00028249915427266
0.000251673142507309
0.000265309626751556
0.000262928596811837
0.000249722227829821
0.00026097005410993
0.000257180197444268
0.000264772245020501
0.000258117226079654
0.00026477288853471
0.000257036530355824
0.000271415016979676
0.000257832469107446
0.000250199502295873
0.00025505686286242
0.000264022652525633
0.00027413568256725
0.000269991647138463
0.000260674117141969
0.000251419024568334
0.000257477346731656
0.000229324268016105
0.000251829152645938
0.000262850074663215
0.000265358635503739
0.000252047194431572
0.000252760237728876
0.000250834866667382
0.00025460821461843
0.000256865997237664
0.000271722870122696
0.000269928630951308
0.000257562849112993
0.000243236560814293
0.000266238714696436
0.000253458971372633
0.000252627206306962
0.000249593897489098
0.00026081478313638
0.000254595132039461
0.000244525042619625
0.000250746659299382
0.000254274084867449
0.000242343368451993
0.00024365169629579
0.00025701730513583
0.000248897874502272
0.000248090833373424
0.000240104977926221
0.000260989265567648
0.00024432398575039
0.000248684443585665
0.000235789975451223
0.000257128530809257
0.000249044148164432
0.000233431805532495
0.000246057644268915
0.000255093087921047
0.000254605414824834
0.000240581618150983
0.000250766909042505
0.000248198510949541
0.000244550812984312
0.000245080985665772
0.000243443982737522
0.000249775001492414
0.000234320253840364
0.000237779770497472
0.000239422734517497
0.000241432587643496
0.00025450928640532
0.000237868720900626
0.000244091537736714
0.000241089490470111
0.000232380447640183
0.000232719298582099
0.000231392881528736
0.000254315466964043
0.000246409727304448
0.000237581688091941
0.000241055264111704
0.000249599711021009
0.000240306037990779
0.000234809827623134
0.000222832461200351
0.000240959539041535
0.000247929776616533
0.000233248192442927
0.000234234464110106
0.000235217389202487
0.000244571183401064
0.000243690345010794
0.000222816426892285
0.000237060987602154
0.000230461738101124
0.000241386288400723
0.000239085509268887
0.000235129018477671
0.000236015471067941
0.000225127568083414
0.000237548008665564
0.000220087892230705
0.000236037462585888
0.000226504459565065
0.000224911103547637
0.000226511959906683
0.000223509137867633
0.000224889871592721
0.000212681136631007
0.000228182253770703
0.000237543356506117
0.00022866849727776
0.000229329402283737
0.00022843549898201
0.000232481478646842
0.000226460025124179
0.000237122427089667
0.000207890820169035
0.000213403047918431
0.000225014360747109
0.00021740858220221
0.000230841773486776
0.000226116007026453
0.000236456902016745
0.000240674074072715
0.000219501364927857
0.000231828408454267
0.000221615508100089
0.000222242116345936
0.000227494216172142
0.000225728199460922
0.000236568330878414
0.000227546917231266
0.000213992380387078
0.000230469907543491
0.000218354961594921
0.000202211069160907
0.000228278562332432
0.000211993841692166
0.000220232543030071
0.000211033547444589
0.000207692472185805
0.000217717978040326
0.000217275164098087
0.000209311413378952
0.000212599085580593
0.000216976247386329
0.00021992038287267
0.000214761748601767
0.000216406824698513
0.000216843928211442
0.000211855712954002
0.000207662581508197
0.000220033469609736
0.000221286481128679
0.000211699902597902
0.000204862166675229
0.000214103251714139
0.000220650864121043
0.0002091133428948
0.000209182234910612
0.000197830275179116
0.000215753756486099
0.000207909999790843
0.000203907140999358
0.000200648228952851
0.000209937406077097
0.000200256960875879
0.000222619662346197
0.00021503689285257
0.000206651624708226
0.000218202088284911
0.000210325724023422
0.000209357096175872
0.00020670172112896
0.000209267466448937
0.000202899399535988
0.000201343810721722
0.00021447430470128
0.000202293352441603
0.000217086426411884
0.000205279377956832
0.000198587349309302
0.000197711414578343
0.000210858282320259
0.000211222262114711
0.000213085181593242
0.000213095512647678
0.00020832615576909
0.000201274092731823
0.000201074719118464
0.000211824513996272
0.000202066558481669
0.00020361955158113
0.000204757627735444
0.000207669511296641
0.00020399961357472
0.000210355739465351
0.00019947057505281
0.000205312469950613
0.000197498599334248
0.000193972678445899
0.000190005926922151
0.000200623981654455
0.000189809496738986
0.000195252705198379
0.000199530633689389
0.000207429428869195
0.000198349759350859
0.000196415172217989
0.000200365086976448
0.000204883386023416
0.000192965843426709
0.000197253329352062
0.000196629202722921
0.000195632398220296
0.000192326151679106
0.000186703881189347
0.000200906155008576
0.000193294607857125
0.000195059529195768
0.000192301208297511
0.00018790758223654
0.000195737645773646
0.000202185759271755
0.000203723841991159
0.000204338129863506
0.000196407113240388
0.00019336209252725
0.000192965773820261
0.000191739490726192
0.000201933424822209
0.000203004417497601
0.000194835721898595
0.000182932898793058
0.000202299196015644
0.000190704479196668
0.000189057159594276
0.000189915244531028
0.000190869724048244
0.000190347240329645
0.000184579299004253
0.000185220060642697
0.000185235505536609
0.000185747451563838
0.00018638731108896
0.000186448473158764
0.000187827926393926
0.000188278246408573
0.000181114704173771
0.000175482559815964
0.000187417466001626
0.0001735152579305
0.000175451274232992
0.000174846429964189
0.000187185609724777
0.000161942252529898
0.00015241326587686
0.000166767483546104
0.000153555212546605
0.000162655998921006
0.000163440877986147
0.000153638875196938
0.000155943417788521
0.000164097946190635
0.000147813848328933
0.000158057036175962
0.000152742836222831
0.000145680574122678
0.000149083304937269
0.000158104360558999
0.00014966383110054
0.000158375469633131
0.000157691781209846
0.00014639467886977
0.000148898797812583
0.000155624228916283
0.000153225741268502
0.000151783394319278
0.000154248635076586
0.00014782226579936
0.000155257194011864
0.000155121081341824
0.000154572048461978
0.000145689317309209
0.000155847972287311
0.000146472727197683
0.00014419148964656
0.000155985083562472
0.000145076441501858
0.000149237365468591
0.00014840058500794
0.000148667326210554
0.000149551568653894
0.000139769234030615
0.000155784482975119
0.000146930217242195
0.000149728616234045
0.000145834405680594
0.000137339310781282
0.000138927387783842
0.000155124670175246
0.000147443190854324
0.00014266681512994
0.00015004384408759
0.00014723924870658
0.000146889526042811
0.000148473579612477
0.00013530669256546
0.000145107209885783
0.000140348247839869
0.000150349335393173
0.000135241234830055
0.000154520354808839
0.000143933289615517
0.000140758404942243
0.0001341193475452
0.000136303964993002
0.000142788657096302
0.000144902420464534
0.000145790357838429
0.000145265329754892
0.000137652133863896
0.000139695182636415
0.000128991886801662
0.000138566665410487
0.000141343451124473
0.000132437985608013
0.000142262351141023
0.000135769683092759
0.000138494689274912
0.000135366227015857
0.000136130166731311
0.000137608590208025
0.000143386232109065
0.000134407881109973
0.000140188808864474
0.000135910613533488
0.000132681104351601
0.000136217030553588
0.000131720199288498
0.000142704478849432
0.000141368812453601
0.000131121786755454
0.000125979307545446
0.000134486046975484
0.000130056552066005
0.000135615145005984
0.000141374384917823
0.000124759050453673
0.000134291929956407
0.000135089603334607
0.00013118801069879
0.000130579825409922
0.000124504384322404
0.000132582030639614
0.000129137599663463
0.000128094487745846
0.000128524623314757
0.0001376802855076
0.000124989417249202
0.000130737250789449
0.000129844509765281
0.000131113740742152
0.000128806266006185
0.00013625836649716
0.000128534880251692
0.000127354590050817
0.000141077926297498
0.000126367968311379
0.000113843040569886
0.000125275355268914
0.00013180968023912
0.000124289095778315
0.000123857932872016
0.000122758323887309
0.000126280390230657
0.000118367733903358
0.000128536208875644
0.000120387271444486
0.000128533308423518
0.000125543820087147
0.000127445193971538
0.000120022672538692
0.000121917957326265
0.000124612726520258
0.000114356768787528
0.000122503969487198
0.000116718920414443
0.000119407622886209
0.000123146779539644
0.000115024789543465
0.000118677507693363
0.000125216749389351
0.000122090046389329
0.00012281343788903
0.000115586796486883
0.00012139928886509
0.000119192993377915
0.000130944645439181
0.000120599046481272
0.000116573718091423
0.000119588791628184
0.000113806457733021
0.000112046896432485
0.000119223937272436
0.000120232408251965
0.000117345601057804
0.000112808880817209
0.000117554866710976
0.000112538195159803
0.000115539642622749
0.00011130864629795
0.000121466103742252
0.000114811480973039
0.000115468842056556
0.00011630841014705
0.000115269975139999
0.000113758471393855
0.000114324501164949
0.000111704427982456
0.00011461057427992
0.00011578899357828
0.00011991869852514
0.000110965492483248
0.000111583412531554
0.00011161461983814
0.000111320717257762
0.000117198777039989
0.000114346723328413
0.000112424196974206
0.000108803784339428
0.000102680225758304
0.000112297136505721
0.000116261630319118
0.000108199511387574
0.000115702598596695
0.000105578024653064
0.00010725736956386
0.000111481234746514
0.000108628382112874
0.000114602614806642
0.000111531082048954
0.000112726567105672
0.000105753280801698
0.000105987735547363
0.000107794578416317
0.00010335050775449
0.000105927672470925
0.00010247725294198
0.000101715960471887
9.71679390950952E-05
0.000107133267890621
0.000106699141061607
0.000110914014742976
0.000104024014263722
0.000101376553741026
0.000104598334671874
0.000101832323135726
0.000101336933411239
0.000102271852526
0.000101918450100745
0.00010224630883205
0.00010533708642838
9.62141736429535E-05
0.000103325760285752
0.000102314559301236
0.000100082029135901
9.67648392819587E-05
0.000104985480506573
0.000100565629598631
0.00010569412827345
9.77782236037927E-05
0.000102147625871039
9.26213728369769E-05
9.78562854142764E-05
0.000104787646829072
8.75668259707185E-05
9.13433239725291E-05
9.86735571180626E-05
9.31661013108615E-05
0.000100735060788939
9.79738026990008E-05
0.00010109912117806
9.81592631931273E-05
9.65118169664087E-05
9.76323908602561E-05
9.5907372417609E-05
9.51450412317883E-05
9.9471121937331E-05
9.65170446192579E-05
0.000100673627638258
9.14714088277176E-05
9.34516968663643E-05
9.7829785832109E-05
9.81205567499498E-05
9.16377095680247E-05
8.93761064078094E-05
9.33367893246447E-05
9.47203799439504E-05
9.61416559157904E-05
9.01525117521917E-05
9.36669832206791E-05
9.24691997437878E-05
9.15452005219868E-05
8.35973586938061E-05
9.62199492377017E-05
9.1514867922272E-05
9.42992360766779E-05
9.24424479483611E-05
9.36496634486455E-05
8.66902088692558E-05
9.79720950507143E-05
9.63341311557976E-05
9.11356520409204E-05
9.41749966879715E-05
8.93421105267076E-05
8.63048236065307E-05
9.00413957873773E-05
8.80092319330234E-05
8.30894440584879E-05
8.33437237446456E-05
8.24692426067673E-05
8.98949173459014E-05
8.42481002381422E-05
9.01882486025277E-05
8.845987105228E-05
9.17552534372557E-05
0.000102708322468116
9.06667520603066E-05
8.22831133632965E-05
8.84200149061348E-05
8.4805790523543E-05
8.73826527063466E-05
8.73439795797188E-05
9.00465244617158E-05
8.42074973510562E-05
8.58223341211514E-05
8.58035813589338E-05
7.90612442342049E-05
7.75282624647945E-05
8.74379401201115E-05
9.28231516791727E-05
7.8281045860965E-05
8.85251386955441E-05
7.62790677733098E-05
8.59192184417291E-05
8.62823694335021E-05
7.88782186069728E-05
8.40874071059523E-05
8.55305636806741E-05
8.68306797206107E-05
8.06986266404384E-05
7.94788417077192E-05
8.66781312028525E-05
8.34950269858979E-05
7.33232191451045E-05
8.43886215481367E-05
8.18180138265687E-05
7.48680147788469E-05
8.41845762094224E-05
8.63930276526276E-05
7.52646465319055E-05
8.69139946510047E-05
7.97121568302215E-05
8.21537558264487E-05
7.73377631972728E-05
7.83013582845107E-05
7.90510400032277E-05
7.70159368669684E-05
7.68721365986121E-05
8.82953098893606E-05
7.73372032826222E-05
7.848332041226E-05
7.14326081116363E-05
7.87471459053134E-05
8.00103480767548E-05
8.13063686656818E-05
7.331716779466E-05
7.98435067686741E-05
7.57328782801007E-05
8.42581076357969E-05
7.57485824379289E-05
8.0126022038683E-05
8.34805387401229E-05
7.48846972113182E-05
7.58450508508982E-05
7.63110517579904E-05
7.48742293397152E-05
7.43110039403464E-05
7.18092795538571E-05
7.8200327468638E-05
7.69066398468449E-05
7.28727863431939E-05
7.40637226922045E-05
7.34817599048426E-05
7.2829138431001E-05
7.17482923960993E-05
7.37083200176959E-05
7.454810943543E-05
6.77443711367519E-05
7.15502097180975E-05
7.6340707776008E-05
7.29962606015718E-05
7.4347875507927E-05
7.67937425712878E-05
7.87205503526953E-05
7.07721907687294E-05
6.96208579795894E-05
7.55666707606962E-05
7.1524789537454E-05
6.93261204019326E-05
6.84200725201315E-05
6.78647082448408E-05
6.54504599671658E-05
7.81880248890251E-05
7.36721013294862E-05
6.96653924722457E-05
6.79261146192193E-05
7.10169100026016E-05
6.78825241774493E-05
6.67797688209745E-05
6.75817823757813E-05
6.52172696168507E-05
6.28472905950364E-05
6.98532421733683E-05
6.26886504072665E-05
7.16872342080304E-05
6.31296709085646E-05
6.7982977695177E-05
6.83051524007418E-05
6.86559542442498E-05
6.71103903293014E-05
6.84946997716558E-05
6.5766426617204E-05
6.85469153490087E-05
7.39992658988204E-05
6.57450884515232E-05
6.12971357672555E-05
6.35872645661599E-05
5.78745560855019E-05
7.41792827580566E-05
6.58317279456519E-05
6.28078091098533E-05
6.06147166600618E-05
6.07508500351713E-05
6.5426237678349E-05
6.38589100368567E-05
6.28284218823253E-05
6.18200227980347E-05
6.93244795116946E-05
6.12745875044654E-05
6.60323517267673E-05
5.94116609937913E-05
5.85386741816826E-05
6.30570212892327E-05
6.25693139696931E-05
5.917231592283E-05
6.23129172100026E-05
6.13084040041085E-05
6.17755062736845E-05
6.2523824098024E-05
6.26625822059745E-05
5.89513547040314E-05
6.21834803913811E-05
6.12624756891962E-05
5.46633963355211E-05
5.97046931015076E-05
6.15304690428575E-05
6.13969031690997E-05
5.85407104243169E-05
5.69659670209904E-05
6.40530507108266E-05
5.93722290383975E-05
5.20456026985861E-05
5.93208130394555E-05
5.57739837496907E-05
5.815849489219E-05
5.97963792524805E-05
5.76054467590434E-05
5.20719579200212E-05
5.86167292898883E-05
5.9680024536742E-05
5.96534845646683E-05
5.77961988819681E-05
5.63085734378191E-05
5.84942792962477E-05
5.72684321204272E-05
5.71498015337891E-05
5.90937207732763E-05
5.75472967124563E-05
5.6781347201475E-05
6.08289944108248E-05
5.18794602928816E-05
5.38396410540716E-05
5.34120955508225E-05
5.49455850651115E-05
5.713332311471E-05
5.50719207598987E-05
5.97765212713679E-05
5.74054440812324E-05
5.74920674018622E-05
5.20380425898866E-05
5.6421779257635E-05
5.3890146891283E-05
5.49320098011052E-05
5.60373012675018E-05
5.85999252760729E-05
5.55304431827968E-05
5.45018806309921E-05
4.98548863521884E-05
5.85749828220609E-05
5.0567246663997E-05
5.22798104974117E-05
5.1139629670676E-05
5.15436915059071E-05
5.33312439657929E-05
4.81296864133503E-05
5.26586833560715E-05
4.97281943718062E-05
5.23038366924852E-05
4.70087767480069E-05
4.94993125390912E-05
4.810657882384E-05
5.71484646186577E-05
5.01654585903859E-05
5.08847286354969E-05
4.74734551812364E-05
5.05855593727954E-05
4.69990662592026E-05
4.91521202972267E-05
5.18554230837419E-05
4.84717891163357E-05
5.20931369077753E-05
4.90675317395452E-05
5.00866099575083E-05
4.6837047821265E-05
5.12483135269139E-05
4.67377196118103E-05
5.27623102857674E-05
5.00667249226307E-05
4.60125464784324E-05
5.15739075009901E-05
5.070675488214E-05
4.47122676519808E-05
4.53599010413905E-05
4.139575906989E-05
4.90765270325466E-05
4.76101150035852E-05
4.58960952439753E-05
4.96303946310973E-05
4.99212378367017E-05
4.48800976231771E-05
5.19156343703254E-05
4.71759883818419E-05
4.75618314575593E-05
4.53918580424169E-05
4.04983197044151E-05
4.3182613735534E-05
4.75521318806732E-05
4.7630494912374E-05
4.16531719528219E-05
4.56361177619707E-05
4.26433335221063E-05
4.47126695088459E-05
4.68748573992166E-05
4.39721195633646E-05
4.16730809019251E-05
4.49616716191389E-05
4.47254126970058E-05
3.86607545939819E-05
4.5085906899591E-05
4.21179150236905E-05
4.26554947990192E-05
4.26023994046288E-05
3.97576150233688E-05
4.03848856738593E-05
4.47629281298161E-05
4.10338214671743E-05
4.19582599347748E-05
4.05864312500733E-05
4.686132328377E-05
4.51854483350096E-05
4.11380457300071E-05
4.22414134176038E-05
3.94232848931958E-05
4.2257257334805E-05
4.04008426071974E-05
4.17112058169014E-05
3.78309503929421E-05
4.10006583384966E-05
4.04817217318373E-05
4.14516168901049E-05
4.52616205233127E-05
4.07207311345618E-05
4.12057378066296E-05
4.35369561645597E-05
4.30865896634538E-05
4.18096052475763E-05
4.17613143554033E-05
3.9026331246614E-05
4.23851115396341E-05
4.21398312948808E-05
4.1976965733148E-05
3.93374381376853E-05
4.24732257367511E-05
3.68934487866182E-05
3.97737446827073E-05
4.14795630189319E-05
4.28583947980445E-05
3.98478601400422E-05
3.96036737271212E-05
3.7968491141304E-05
3.75930830976872E-05
3.65032095350645E-05
4.15213019203483E-05
2.71005165648944E-05
1.5703932771128E-05
1.53268251366878E-05
1.53675217790597E-05
1.57145641224396E-05
1.13162485947421E-05
1.4436926512761E-05
1.67517523546873E-05
1.85515523092533E-05
1.41504628215723E-05
1.78135340031557E-05
1.18661423342135E-05
1.51671686528659E-05
1.57553389650169E-05
1.60296812808458E-05
1.29303351665916E-05
1.34332019714924E-05
1.69823358976711E-05
1.48349857568839E-05
1.38854110180237E-05
1.48460209216093E-05
1.42955265333914E-05
1.60774074297444E-05
1.21277441899508E-05
1.50736491593658E-05
1.47882378173641E-05
1.32513474673019E-05
1.32589023659218E-05
1.27566898637163E-05
1.51986942673497E-05
1.24637749411542E-05
1.2639207785549E-05
1.51495799221854E-05
1.43038668385186E-05
1.3802443000851E-05
1.45342334334816E-05
1.42832135801699E-05
1.36360974479548E-05
1.40689524915931E-05
1.3275889611337E-05
1.43352823987947E-05
1.36723682359051E-05
1.1069722134549E-05
1.35373566810774E-05
1.47421385817843E-05
1.20547891512155E-05
1.26082699243837E-05
1.38026461368305E-05
1.46096395837893E-05
1.28867282944344E-05
1.5788036297924E-05
1.23153980180182E-05
1.47497661542196E-05
1.20036126027793E-05
1.39397730797448E-05
1.30367670878483E-05
1.2232302913079E-05
1.17377037800234E-05
1.3962940744361E-05
1.27029720674793E-05
1.26202741457034E-05
1.1042134731411E-05
1.13468261832631E-05
1.15398162613007E-05
1.09193615289061E-05
9.30307146499971E-06
1.1737190561653E-05
1.24321535634563E-05
1.17256616080292E-05
1.11344760220168E-05
1.19530240693499E-05
1.10837699204026E-05
1.01332090583667E-05
1.07472515010366E-05
1.02616921655736E-05
1.18107149157827E-05
1.06314761027272E-05
1.15978558342348E-05
8.68419660989426E-06
1.25663694267428E-05
1.01967146786104E-05
1.16376239999401E-05
1.15627087774522E-05
9.35509877907083E-06
9.57114382838395E-06
1.04079283983237E-05
8.06967949885323E-06
9.94119092378156E-06
9.6660937660709E-06
1.34648426716392E-05
9.58678622340017E-06
1.04511985637194E-05
1.19996429511002E-05
9.38816389780749E-06
1.17820668265434E-05
1.09832118186556E-05
7.98170132346725E-06
9.93123698640192E-06
7.22531016222248E-06
9.22747449524449E-06
1.04130306905099E-05
9.10184643294961E-06
1.01302429369216E-05
9.04596293116575E-06
8.58261523176667E-06
9.92372947070374E-06
9.34906522991267E-06
8.89445820826081E-06
1.00756159050898E-05
9.61653716668329E-06
1.00612283784674E-05
1.05554445044491E-05
9.22769181498737E-06
8.25881967566335E-06
8.8286479608043E-06
1.05683256162017E-05
1.17942576636615E-05
1.04404556337825E-05
9.55177200546529E-06
1.00745264619546E-05
1.0807750457623E-05
8.94479232799354E-06
8.55165928221932E-06
1.12345784825471E-05
8.56541621429446E-06
7.96561806668734E-06
9.14119734689176E-06
1.13995656486241E-05
1.03381355459009E-05
9.105141444295E-06
9.91715422001125E-06
8.00070661072604E-06
1.08476881780888E-05
9.19761275439225E-06
1.02307657653117E-05
8.51351430761932E-06
6.80624178620901E-06
8.03803754443349E-06
9.29214584041857E-06
7.36741939969397E-06
7.61765344405135E-06
8.46241661115644E-06
8.81932255620244E-06
8.70038674017748E-06
8.76155164184459E-06
6.10101636080369E-06
8.99751148368417E-06
9.23593592747794E-06
8.94409005760346E-06
1.0156758147652E-05
8.55987764409066E-06
7.89599975522709E-06
7.58116728879217E-06
6.20322179165662E-06
7.63316483136974E-06
8.91813415710153E-06
9.67557572152856E-06
7.24901967550649E-06
6.01373069771906E-06
7.58052186038393E-06
7.84628014079735E-06
8.61789205471563E-06
7.83570308076661E-06
8.30178293454721E-06
6.68884661551882E-06
7.9698734293066E-06
6.8744924607617E-06
7.28571068940473E-06
7.13531812048516E-06
7.78904551083979E-06
7.76819534592822E-06
7.61314256279725E-06
6.90395610438531E-06
7.54142625393944E-06
6.52367203848542E-06
7.35815747420017E-06
5.89530228166924E-06
8.96060611389904E-06
6.82510962363579E-06
8.15215461337749E-06
7.18035906235516E-06
6.73079258885743E-06
7.77909333246262E-06
5.82998315197403E-06
6.62063004479521E-06
7.34509525984959E-06
6.67659309891855E-06
7.44351637311982E-06
6.6930807887492E-06
7.35287721663853E-06
6.75368095003616E-06
8.15967966529827E-06
5.82477514136211E-06
6.68577380452722E-06
6.56637028773351E-06
6.12742385536543E-06
7.24852332917974E-06
7.28109647548409E-06
6.74032656885592E-06
7.47245420978415E-06
6.82415916400528E-06
5.33160873443802E-06
6.69969773022594E-06
5.59395285747733E-06
6.04845007976424E-06
4.15418040921527E-06
5.20494289142779E-06
5.58248722135176E-06
6.06446226692253E-06
6.15518156616107E-06
6.77093108625381E-06
5.78286340320065E-06
7.12142803055237E-06
5.81007640083714E-06
7.07447081171142E-06
6.85587433666388E-06
4.00844839973237E-06
5.62205803608956E-06
6.33571020004693E-06
5.71011365690143E-06
5.69827520716654E-06
6.72800102138451E-06
4.60466682499174E-06
7.24187231332013E-06
5.40262031524982E-06
6.46699123877176E-06
4.93181976267947E-06
5.6473468060606E-06
4.12325717294811E-06
6.8947671944468E-06
6.54382482320871E-06
5.12498943192804E-06
4.84414696197756E-06
6.54401714060833E-06
6.232560545051E-06
5.84784277228909E-06
5.93383758342035E-06
5.0748960606882E-06
5.9305463164385E-06
4.70362640603969E-06
5.50079667625452E-06
5.06442898011103E-06
5.34070185474395E-06
4.32618117257128E-06
5.84585636789236E-06
6.63815773040933E-06
5.01700033441272E-06
3.568905071945E-06
4.67321995753596E-06
4.1630672967085E-06
4.06417204863954E-06
5.17325350817693E-06
5.28998697604808E-06
4.23729713099961E-06
5.10293473234285E-06
4.77211268073623E-06
5.56183935704502E-06
5.28192490122056E-06
4.63709271443768E-06
3.78048466608071E-06
3.49002002671869E-06
5.74213533536877E-06
4.55787679161034E-06
5.44758067137502E-06
5.20503505628068E-06
5.47780247016938E-06
4.95302430439346E-06
5.06543466552194E-06
4.883217343038E-06
5.46004219032216E-06
4.87872030418532E-06
4.39366530610226E-06
5.4698105610375E-06
4.1258885926618E-06
4.27680966110548E-06
5.37739462990289E-06
4.4515152344055E-06
5.27385861152069E-06
5.44990380982505E-06
4.83927795911951E-06
3.59948579819366E-06
3.15733983162116E-06
4.03579976764217E-06
4.23642924686744E-06
4.79111222015359E-06
4.90538256747311E-06
4.03303448689195E-06
4.02599778702427E-06
4.94068175450664E-06
3.72424007593361E-06
4.07789865470428E-06
3.38684948818704E-06
3.3677070916353E-06
2.38640466273494E-06
3.48311467121791E-06
4.07379170930303E-06
3.20097858269453E-06
5.07223971600185E-06
3.88578107135972E-06
4.23780378817818E-06
4.23452846245101E-06
3.80223000433784E-06
2.93758566097903E-06
3.87601730878788E-06
2.80023676786318E-06
4.19043559018235E-06
3.26605829072327E-06
4.12262073931378E-06
3.50983528388748E-06
3.57178600125984E-06
5.32188236428805E-06
3.72218267168799E-06
3.40615656045666E-06
3.23287175347088E-06
2.81544419094162E-06
4.18038039671503E-06
2.87343590390519E-06
4.04085314875001E-06
2.59120536072911E-06
3.01397668829027E-06
3.14229976845046E-06
3.12307051132854E-06
3.55069952197129E-06
3.36445509567722E-06
2.68614212496248E-06
3.16123196889803E-06
3.63620050385818E-06
4.69370714716372E-06
3.04855480052213E-06
4.69372459944331E-06
4.46160901152852E-06
2.30846903631443E-06
4.07933046855379E-06
3.14447397986813E-06
1.97226445865041E-06
4.05180888110312E-06
2.80685052940666E-06
2.60260200187395E-06
2.67268481694166E-06
3.18941042740378E-06
3.09749752571946E-06
2.5722139855198E-06
2.10200125705778E-06
4.32438193403536E-06
3.61945693815673E-06
3.22088744272823E-06
3.94919740373668E-06
3.00312533535254E-06
3.23428047505375E-06
2.48414997438244E-06
1.95058559308238E-06
3.53969572161285E-06
3.1737295438863E-06
3.39817227303496E-06
2.50439918012609E-06
3.00205356492811E-06
2.70432652842943E-06
3.52432372551613E-06
4.16496927568259E-06
2.02075604389341E-06
3.16053497086773E-06
3.68196255707121E-06
4.00618889527193E-06
4.08891311490262E-06
1.58663045961175E-06
1.77190652493848E-06
3.14737409309907E-06
2.85314865241551E-06
2.3692694521343E-06
2.01329824251909E-06
1.72484309769342E-06
2.68615226720936E-06
2.9367134932572E-06
2.07517217158114E-06
2.69561919755992E-06
2.97361154552952E-06
2.46165811694188E-06
2.45824475681698E-06
1.58573435166084E-06
2.81102764442672E-06
2.23559872312519E-06
2.59652303763924E-06
2.40603466581874E-06
2.44650652820794E-06
2.35308488677467E-06
2.39678448645228E-06
2.72380832879183E-06
1.93598830934058E-06
2.7807663658023E-06
3.36897261172488E-06
2.41094872518852E-06
1.82477415497851E-06
1.81805253953063E-06
2.38264833745778E-06
2.67536233995172E-06
2.32749060753891E-06
3.14359580619789E-06
2.22016495601873E-06
2.33926470923244E-06
1.60127672582135E-06
2.18504682541845E-06
2.71520711602249E-06
2.59024602772381E-06
3.08891613250559E-06
1.01772359710888E-06
2.54236105757116E-06
2.16031023955588E-06
2.43152162929717E-06
1.42897277377694E-06
2.09551184328957E-06
2.19709615679828E-06
1.43255177544695E-06
2.08012111918862E-06
1.47568168340568E-06
2.0977437527056E-06
1.91919557573354E-06
1.3857529487269E-06
2.11520335194644E-06
2.76272084192776E-06
2.21876802801535E-06
2.67088822046098E-06
1.13806721334026E-06
1.26717383774116E-06
3.57798379281115E-06
2.10319225063481E-06
1.80267364455338E-06
1.49696466473376E-06
1.79585942116402E-06
2.37408282733844E-06
2.78467852569192E-06
1.32995668263907E-06
2.32695909512363E-06
1.24968570902546E-06
2.07019673071943E-06
1.62781614136368E-06
1.93007219459244E-06
2.28491702644913E-06
1.6934876260539E-06
1.46156704965897E-06
2.16062937342361E-06
2.03852269676636E-06
2.05165057817285E-06
2.03237594544864E-06
2.35301137164432E-06
2.02011854351504E-06
2.25348559729323E-06
1.65775016075076E-06
1.71219424032831E-06
2.03018442372171E-06
8.01583074779816E-07
2.13515433533589E-06
2.5947350568024E-06
1.65427498890631E-06
2.70086696453936E-06
2.0428660896298E-06
1.51999918946982E-06
1.24177901955899E-06
1.64917435718839E-06
1.66768829973892E-06
1.17995510708054E-06
1.434989049402E-06
2.07894383280245E-06
1.90063398746806E-06
2.18034815173803E-06
1.38889264040503E-06
2.11673657723414E-06
1.70856665992416E-06
1.17566391571073E-06
1.48904440068962E-06
2.51048768934013E-06
7.52503037060815E-07
1.49394743528583E-06
1.52884884767245E-06
1.81879618972156E-06
2.01895457908761E-06
1.21724779026882E-06
1.86830421001817E-06
1.4183658945366E-06
7.17448621128081E-07
1.272853457563E-06
1.84640867784365E-06
1.4884170754755E-06
1.32168852836474E-06
1.05940948606914E-06
1.08707084260951E-06
1.61280325086089E-06
1.09441999242158E-06
1.69711186630711E-06
1.17405620105606E-06
8.35080672113047E-07
1.84850594329291E-06
4.7284512459187E-07
1.50556975781934E-06
1.35306378307534E-06
1.33273509954197E-06
1.1560481949444E-06
1.56535195837525E-06
2.07318213450078E-06
9.26338672931528E-07
2.18753579295578E-06
1.39733966429766E-06
1.25627308096504E-06
1.10157056643669E-06
1.72687225356261E-06
1.46998965868774E-06
1.36636469884462E-06
1.65963772315612E-06
1.92531326238169E-06
1.27429844661219E-06
2.06865894158578E-06
5.1969543948119E-07
1.05673854122315E-06
1.24692798482318E-06
9.96524652379614E-07
1.51924990778319E-06
1.1987777797849E-06
1.20748085309388E-06
9.96303755223085E-07
8.11886866555806E-07
9.09759181198148E-07
1.40669093162769E-06
1.09943848224313E-06
8.43155902876068E-07
1.11441766081619E-06
1.26729983989388E-06
9.19924095054312E-07
1.79599263649169E-06
7.12120728714712E-07
1.22795029758462E-06
1.27831808216095E-06
1.56207292162753E-06
1.01311605017517E-06
8.29931957841148E-07
1.34642309534887E-06
6.98693299515644E-07
6.61744005435644E-07
1.27015441780311E-06
9.79634169732393E-07
9.46632320768606E-07
6.0158158437389E-07
1.39142088428566E-06
9.2082226706925E-07
1.50866872933065E-06
1.28457864302892E-06
1.61479286823858E-06
1.64806485618496E-06
1.22066231668564E-06
8.62663860712145E-07
1.03517747989952E-06
7.14190813843833E-07
8.77252927156599E-07
4.56987935165703E-07
9.47108735036701E-07
7.7757265435417E-07
1.16838970344569E-06
1.32308339855512E-06
1.11366169405718E-06
7.91885238194264E-07
6.43135931848777E-07
1.35747210236285E-06
6.25157016632803E-07
1.20510277886717E-06
1.21469884129736E-06
4.36804024024028E-07
1.28370385146177E-06
1.38666124223085E-06
7.94089426111504E-07
1.08496297299754E-06
1.12927794505557E-06
1.13077231209638E-06
5.22784245137323E-07
5.48133436800506E-07
1.30152901316678E-06
1.2710664335813E-06
4.87532813032213E-07
9.77219808994044E-07
7.59346141303841E-07
1.32737469989592E-06
9.19721818297984E-07
1.29620918347876E-06
1.18646679906193E-06
9.02047976728228E-07
1.19712658255129E-06
3.59482372002252E-07
9.00473599985204E-07
5.46831071253624E-07
8.37818074056095E-07
6.2274659289714E-07
7.27037237485209E-07
1.02121149197226E-06
3.09766137841904E-07
8.28624961113002E-07
7.11266086934999E-07
7.45532207441184E-07
6.02424713149181E-07
4.51459004531291E-07
1.2238865828715E-06
6.68087884245279E-07
8.04537761196246E-07
9.57256094865009E-07
7.83728345648583E-07
1.25986690443335E-06
4.1517136050981E-07
4.17778565759166E-07
1.04190437144421E-06
1.31248081631427E-06
9.13821343183388E-07
5.46795106344228E-07
9.56241229557621E-07
9.62492320507476E-07
1.07597801119334E-06
5.96613800948412E-07
5.65177335888207E-07
9.40420176350707E-07
7.72272904405997E-07
1.16158764282946E-06
8.53468219391196E-07
6.9294465987223E-07
4.11478585648051E-07
3.57341936002673E-07
9.34205190461342E-07
5.92738167971103E-07
1.04758806662959E-06
4.43185706358038E-07
7.65616658314652E-07
8.95104541431358E-07
4.5633456159935E-07
9.3050764710611E-07
5.85022780063226E-07
6.82010940557418E-07
4.92724146332509E-07
9.8106063861872E-07
1.18656393049086E-06
7.10418751560765E-07
4.90534447063976E-07
5.96879147558633E-07
9.6361692601676E-07
2.97866941896533E-07
7.39522001294287E-07
7.72953343271051E-07
7.91394958286812E-07
3.06680313353927E-07
4.70624421171122E-07
4.53927355039265E-07
1.87727217479033E-07
1.00425059643459E-06
3.34370962563611E-07
7.16215139219091E-07
1.0350551548355E-06
5.27133287351384E-07
4.60032269494685E-07
5.89694337809123E-07
7.21962034141245E-07
5.06126396616793E-07
7.9478235226982E-07
7.52511188816586E-07
1.02918448928169E-06
9.500078276605E-07
3.83098053043135E-07
3.20437700159691E-07
1.45465276996937E-06
4.48591382918449E-07
8.55253461542024E-07
7.60994758366648E-07
4.48818738828053E-07
6.79792380876797E-07
6.52639394048431E-07
4.92267705572727E-07
3.40916824655295E-07
3.71260531931136E-07
3.30088775572238E-07
1.06145143164507E-06
7.71879160765126E-07
4.77720146936219E-07
1.77771723777563E-07
4.8178822173447E-07
4.86729470005434E-07
5.0626073925784E-07
9.07631408554729E-07
8.01322521567257E-07
6.65531351268543E-07
3.33245866702683E-07
5.76712822437026E-07
5.92929395640923E-07
8.2353760410306E-07
3.93164234678143E-07
0
5.63899227925403E-07
7.71480661927488E-07
7.71119588148908E-07
3.46655148045129E-07
4.54364083148781E-07
6.5419293250968E-07
5.42035015401124E-07
6.13810369087388E-07
6.76968329535766E-07
2.49856154494529E-07
0
1.01637455687193E-06
7.41642782515992E-07
5.52833601245284E-07
2.20502818710344E-07
2.20396805851047E-07
2.20332277432136E-07
0
4.06627688419913E-07
0
0
0
0
0
0
0
0
2.1965506456881E-07
0
0
2.19458745987276E-07
0
0
0
0
2.19181618440642E-07
0
0
0
3.03665201429898E-07
0
0
0
0
0
0
0
0
0
0
0
0
0
0
0
0
0
0
0
0
0
0
0
0
0
0
3.36532437395726E-07
0
0
0
0
0
0
0
0
0
2.16656380259556E-07
0
2.16508251705295E-07
0
0
0
0
0
0
0
0
0
2.15913591327282E-07
0
0
0
0
2.15589386079303E-07
0
0
0
0
3.53086752292119E-07
0
0
0
0
0
0
0
0
0
0
0
0
0
0
2.14393439830722E-07
0
0
0
0
0
0
0
0
0
0
2.13744599669944E-07
0
0
0
0
0
0
0
0
0
0
0
0
0
0
0
0
0
0
0
0
0
0
0
0
0
0
0
0
0
0
0
0
0
0
0
0
2.11625609218799E-07
0
0
0
0
2.11312073715085E-07
